0 0 0 1.05 0 0 0 1
0.001 6.44311e-19 7.19152e-19 1.05 -2.00376e-18 2.43864e-18 0.000498546 1
0.002 -1.06682e-18 3.49846e-18 1.05 -1.19253e-17 -1.36373e-18 0.000995637 1
0.003 -3.82693e-17 -3.24562e-17 1.05 -2.58034e-17 -1.9148e-17 0.00149127 0.999999
0.004 -6.91528e-17 -7.39633e-17 1.05 -1.8485e-17 -1.9984e-17 0.00198546 0.999998
0.005 -9.72932e-17 -1.17883e-16 1.05 -2.02379e-18 -1.34749e-17 0.00247818 0.999997
0.006 -1.24241e-16 -1.62858e-16 1.05 1.83625e-17 -3.78292e-18 0.00296946 0.999996
0.007 -1.47266e-16 -2.03281e-16 1.05 2.67727e-17 2.08371e-17 0.00345927 0.999994
0.008 -1.64711e-16 -2.48567e-16 1.05 5.35666e-17 6.02032e-17 0.00394764 0.999992
0.009 -4.23338e-16 -5.59884e-16 1.05 4.04947e-17 1.84722e-17 0.00443454 0.99999
0.01 -7.79028e-16 -9.7805e-16 1.05 -3.70227e-18 -4.11255e-17 0.00491999 0.999988
0.011 -1.10953e-15 -1.41802e-15 1.05 3.6828e-17 -3.26437e-17 0.00540399 0.999985
0.012 -1.42916e-15 -1.86741e-15 1.05 1.14268e-16 5.54063e-18 0.00588653 0.999983
0.013 -1.71182e-15 -2.2732e-15 1.05 7.85164e-17 1.84763e-16 0.00636762 0.99998
0.014 -2.02541e-15 -2.71433e-15 1.05 1.39052e-16 2.44611e-16 0.00684725 0.999977
0.015 -2.49324e-15 -3.33471e-15 1.05 6.75077e-16 -2.85775e-16 0.00732542 0.999973
0.016 -4.52638e-15 -2.61568e-15 1.05 -3.91444e-15 -4.94764e-15 0.00780214 0.99997
0.017 -5.00329e-15 -3.22621e-15 1.05 -3.37324e-15 -5.4666e-15 0.0082774 0.999966
0.018 -6.95897e-15 -2.57626e-15 1.05 -7.66261e-15 -9.88695e-15 0.0087512 0.999962
0.019 -7.41935e-15 -3.19888e-15 1.05 -7.03437e-15 -1.03289e-14 0.00922355 0.999957
0.02 -9.45065e-15 -2.48758e-15 1.05 -1.15263e-14 -1.49143e-14 0.00969444 0.999953
0.021 -9.94801e-15 -3.07673e-15 1.05 -1.09848e-14 -1.54196e-14 0.0101639 0.999948
0.022 -1.18391e-14 -2.48693e-15 1.05 -1.49745e-14 -1.9599e-14 0.0106319 0.999943
0.023 -1.2295e-14 -3.10918e-15 1.05 -1.4267e-14 -1.99638e-14 0.0110984 0.999938
0.024 -1.262e-14 -3.48251e-15 1.05 -1.41425e-14 -1.98542e-14 0.0115635 0.999933
0.025 -1.29844e-14 -3.82265e-15 1.05 -1.41459e-14 -1.98489e-14 0.0120271 0.999928
0.026 -1.33099e-14 -4.19536e-15 1.05 -1.40226e-14 -1.97409e-14 0.0124892 0.999922
0.027 -1.3674e-14 -4.5358e-15 1.05 -1.40237e-14 -1.97346e-14 0.0129499 0.999916
0.028 -1.39856e-14 -4.92007e-15 1.05 -1.38545e-14 -1.95899e-14 0.0134092 0.99991
0.029 -1.43428e-14 -5.26629e-15 1.05 -1.38326e-14 -1.95658e-14 0.0138669 0.999904
0.03 -1.4696e-14 -5.61583e-15 1.05 -1.3797e-14 -1.95308e-14 0.0143233 0.999897
0.031 -1.50515e-14 -5.96342e-15 1.05 -1.37682e-14 -1.95018e-14 0.0147781 0.999891
0.032 -1.54065e-14 -6.31138e-15 1.05 -1.37372e-14 -1.94713e-14 0.0152315 0.999884
0.033 -1.57623e-14 -6.6587e-15 1.05 -1.37079e-14 -1.94426e-14 0.0156835 0.999877
0.034 -1.61183e-14 -7.00581e-15 1.05 -1.36786e-14 -1.94142e-14 0.016134 0.99987
0.035 -1.64748e-14 -7.35252e-15 1.05 -1.36501e-14 -1.93869e-14 0.016583 0.999862
0.036 -1.68316e-14 -7.69893e-15 1.05 -1.3622e-14 -1.93602e-14 0.0170306 0.999855
0.037 -1.71888e-14 -8.04499e-15 1.05 -1.35945e-14 -1.93343e-14 0.0174767 0.999847
0.038 -1.75464e-14 -8.39073e-15 1.05 -1.35675e-14 -1.93092e-14 0.0179214 0.999839
0.039 -1.79044e-14 -8.73614e-15 1.05 -1.3541e-14 -1.92849e-14 0.0183646 0.999831
0.04 -1.82627e-14 -9.08121e-15 1.05 -1.3515e-14 -1.92613e-14 0.0188064 0.999823
0.041 -1.86214e-14 -9.42596e-15 1.05 -1.34895e-14 -1.92386e-14 0.0192467 0.999815
0.042 -1.89805e-14 -9.77038e-15 1.05 -1.34645e-14 -1.92165e-14 0.0196855 0.999806
0.043 -1.93399e-14 -1.01145e-14 1.05 -1.344e-14 -1.91953e-14 0.0201229 0.999798
0.044 -1.96998e-14 -1.04582e-14 1.05 -1.3416e-14 -1.91747e-14 0.0205588 0.999789
0.045 -2.006e-14 -1.08017e-14 1.05 -1.33925e-14 -1.9155e-14 0.0209933 0.99978
0.046 -2.04205e-14 -1.11448e-14 1.05 -1.33695e-14 -1.9136e-14 0.0214263 0.99977
0.047 -2.07814e-14 -1.14876e-14 1.05 -1.3347e-14 -1.91178e-14 0.0218578 0.999761
0.048 -2.11427e-14 -1.18301e-14 1.05 -1.33249e-14 -1.91003e-14 0.0222879 0.999752
0.049 -2.15044e-14 -1.21723e-14 1.05 -1.33034e-14 -1.90835e-14 0.0227165 0.999742
0.05 -2.18664e-14 -1.25141e-14 1.05 -1.32823e-14 -1.90675e-14 0.0231437 0.999732
0.051 -2.22288e-14 -1.28556e-14 1.05 -1.32617e-14 -1.90523e-14 0.0235694 0.999722
0.052 -2.25915e-14 -1.31968e-14 1.05 -1.32416e-14 -1.90377e-14 0.0239937 0.999712
0.053 -2.29547e-14 -1.35377e-14 1.05 -1.3222e-14 -1.9024e-14 0.0244165 0.999702
0.054 -2.33181e-14 -1.38783e-14 1.05 -1.32028e-14 -1.90109e-14 0.0248378 0.999691
0.055 -2.36819e-14 -1.42186e-14 1.05 -1.31841e-14 -1.89986e-14 0.0252577 0.999681
0.056 -2.40461e-14 -1.45585e-14 1.05 -1.31658e-14 -1.8987e-14 0.0256761 0.99967
0.057 -2.44107e-14 -1.48982e-14 1.05 -1.31481e-14 -1.89761e-14 0.0260931 0.99966
0.058 -2.47755e-14 -1.52375e-14 1.05 -1.31307e-14 -1.8966e-14 0.0265086 0.999649
0.059 -2.51408e-14 -1.55766e-14 1.05 -1.31139e-14 -1.89566e-14 0.0269227 0.999638
0.06 -2.55064e-14 -1.59153e-14 1.05 -1.30974e-14 -1.89479e-14 0.0273352 0.999626
0.061 -2.58723e-14 -1.62537e-14 1.05 -1.30815e-14 -1.89399e-14 0.0277464 0.999615
0.062 -2.62386e-14 -1.65918e-14 1.05 -1.30659e-14 -1.89326e-14 0.0281561 0.999604
0.063 -2.66053e-14 -1.69296e-14 1.05 -1.30509e-14 -1.89261e-14 0.0285643 0.999592
0.064 -2.69723e-14 -1.72671e-14 1.05 -1.30362e-14 -1.89202e-14 0.028971 0.99958
0.065 -2.73396e-14 -1.76043e-14 1.05 -1.3022e-14 -1.89151e-14 0.0293763 0.999568
0.066 -2.77073e-14 -1.79412e-14 1.05 -1.30083e-14 -1.89107e-14 0.0297802 0.999556
0.067 -2.80754e-14 -1.82778e-14 1.05 -1.2995e-14 -1.8907e-14 0.0301826 0.999544
0.068 -2.84438e-14 -1.86141e-14 1.05 -1.29821e-14 -1.8904e-14 0.0305835 0.999532
0.069 -2.88125e-14 -1.89501e-14 1.05 -1.29697e-14 -1.89017e-14 0.0309829 0.99952
0.07 -2.91816e-14 -1.92858e-14 1.05 -1.29577e-14 -1.89001e-14 0.031381 0.999507
0.071 -2.9551e-14 -1.96212e-14 1.05 -1.29461e-14 -1.88992e-14 0.0317775 0.999495
0.072 -2.99208e-14 -1.99563e-14 1.05 -1.29349e-14 -1.8899e-14 0.0321726 0.999482
0.073 -3.02909e-14 -2.02911e-14 1.05 -1.29242e-14 -1.88995e-14 0.0325662 0.99947
0.074 -3.06613e-14 -2.06256e-14 1.05 -1.29139e-14 -1.89007e-14 0.0329584 0.999457
0.075 -3.10321e-14 -2.09599e-14 1.05 -1.2904e-14 -1.89026e-14 0.0333491 0.999444
0.076 -3.14033e-14 -2.12938e-14 1.05 -1.28946e-14 -1.89052e-14 0.0337384 0.999431
0.077 -3.17747e-14 -2.16274e-14 1.05 -1.28855e-14 -1.89085e-14 0.0341262 0.999418
0.078 -3.21465e-14 -2.19608e-14 1.05 -1.28769e-14 -1.89124e-14 0.0345125 0.999404
0.079 -3.25187e-14 -2.22938e-14 1.05 -1.28687e-14 -1.89171e-14 0.0348974 0.999391
0.08 -3.28912e-14 -2.26266e-14 1.05 -1.28609e-14 -1.89224e-14 0.0352808 0.999377
0.081 -3.3264e-14 -2.29591e-14 1.05 -1.28535e-14 -1.89285e-14 0.0356628 0.999364
0.082 -3.36369e-14 -2.32914e-14 1.05 -1.28457e-14 -1.89345e-14 0.0360433 0.99935
0.083 -3.40096e-14 -2.36239e-14 1.05 -1.28367e-14 -1.89399e-14 0.0364223 0.999336
0.084 -3.4382e-14 -2.39566e-14 1.05 -1.28263e-14 -1.89443e-14 0.0367999 0.999323
0.085 -3.47541e-14 -2.42895e-14 1.05 -1.28143e-14 -1.89477e-14 0.0371761 0.999309
0.086 -3.51258e-14 -2.46227e-14 1.05 -1.28005e-14 -1.895e-14 0.0375507 0.999295
0.087 -3.54971e-14 -2.49561e-14 1.05 -1.2785e-14 -1.89512e-14 0.0379239 0.999281
0.088 -3.5868e-14 -2.52898e-14 1.05 -1.27678e-14 -1.89512e-14 0.0382957 0.999266
0.089 -3.62385e-14 -2.56238e-14 1.05 -1.27487e-14 -1.89499e-14 0.038666 0.999252
0.09 -3.66085e-14 -2.59581e-14 1.05 -1.27278e-14 -1.89475e-14 0.0390348 0.999238
0.091 -3.69781e-14 -2.62927e-14 1.05 -1.27051e-14 -1.89439e-14 0.0394022 0.999223
0.092 -3.73472e-14 -2.66276e-14 1.05 -1.26806e-14 -1.8939e-14 0.0397681 0.999209
0.093 -3.77158e-14 -2.69629e-14 1.05 -1.26542e-14 -1.89328e-14 0.0401326 0.999194
0.094 -3.80839e-14 -2.72985e-14 1.05 -1.26259e-14 -1.89254e-14 0.0404956 0.99918
0.095 -3.84515e-14 -2.76344e-14 1.05 -1.25956e-14 -1.89168e-14 0.0408572 0.999165
0.096 -3.88186e-14 -2.79707e-14 1.05 -1.25635e-14 -1.89068e-14 0.0412172 0.99915
0.097 -3.91852e-14 -2.83074e-14 1.05 -1.25294e-14 -1.88955e-14 0.0415759 0.999135
0.098 -3.95512e-14 -2.86444e-14 1.05 -1.24934e-14 -1.88829e-14 0.0419331 0.99912
0.099 -3.99166e-14 -2.89819e-14 1.05 -1.24553e-14 -1.88689e-14 0.0422888 0.999105
0.1 -4.02815e-14 -2.93197e-14 1.05 -1.24153e-14 -1.88536e-14 0.042643 0.99909
0.101 -4.06457e-14 -2.9658e-14 1.05 -1.23733e-14 -1.8837e-14 0.0429958 0.999075
0.102 -4.10094e-14 -2.99967e-14 1.05 -1.23292e-14 -1.88189e-14 0.0433472 0.99906
0.103 -4.13724e-14 -3.03358e-14 1.05 -1.2283e-14 -1.87995e-14 0.043697 0.999045
0.104 -4.17348e-14 -3.06753e-14 1.05 -1.22348e-14 -1.87786e-14 0.0440455 0.99903
0.105 -4.20965e-14 -3.10153e-14 1.05 -1.21844e-14 -1.87563e-14 0.0443924 0.999014
0.106 -4.24575e-14 -3.13558e-14 1.05 -1.2132e-14 -1.87325e-14 0.0447379 0.998999
0.107 -4.28179e-14 -3.16967e-14 1.05 -1.20774e-14 -1.87073e-14 0.045082 0.998983
0.108 -4.31775e-14 -3.20382e-14 1.05 -1.20206e-14 -1.86806e-14 0.0454246 0.998968
0.109 -4.35365e-14 -3.23801e-14 1.05 -1.19616e-14 -1.86523e-14 0.0457657 0.998952
0.11 -4.38947e-14 -3.27226e-14 1.05 -1.19005e-14 -1.86226e-14 0.0461054 0.998937
0.111 -4.42521e-14 -3.30656e-14 1.05 -1.18371e-14 -1.85913e-14 0.0464436 0.998921
0.112 -4.46088e-14 -3.34091e-14 1.05 -1.17714e-14 -1.85585e-14 0.0467804 0.998905
0.113 -4.49646e-14 -3.37532e-14 1.05 -1.17034e-14 -1.85241e-14 0.0471157 0.998889
0.114 -4.53197e-14 -3.40978e-14 1.05 -1.16332e-14 -1.84881e-14 0.0474495 0.998874
0.115 -4.56739e-14 -3.4443e-14 1.05 -1.15606e-14 -1.84505e-14 0.0477819 0.998858
0.116 -4.60274e-14 -3.47888e-14 1.05 -1.14857e-14 -1.84113e-14 0.0481128 0.998842
0.117 -4.63799e-14 -3.51352e-14 1.05 -1.14084e-14 -1.83704e-14 0.0484423 0.998826
0.118 -4.67316e-14 -3.54823e-14 1.05 -1.13287e-14 -1.83279e-14 0.0487703 0.99881
0.119 -4.70823e-14 -3.58299e-14 1.05 -1.12466e-14 -1.82837e-14 0.0490969 0.998794
0.12 -4.74322e-14 -3.61782e-14 1.05 -1.11621e-14 -1.82378e-14 0.049422 0.998778
0.121 -4.77811e-14 -3.65271e-14 1.05 -1.10751e-14 -1.81902e-14 0.0497456 0.998762
0.122 -4.81291e-14 -3.68768e-14 1.05 -1.09856e-14 -1.81408e-14 0.0500678 0.998746
0.123 -4.84761e-14 -3.7227e-14 1.05 -1.08935e-14 -1.80897e-14 0.0503885 0.99873
0.124 -4.88221e-14 -3.7578e-14 1.05 -1.0799e-14 -1.80368e-14 0.0507078 0.998714
0.125 -4.91671e-14 -3.79297e-14 1.05 -1.07018e-14 -1.79821e-14 0.0510256 0.998697
0.126 -4.9511e-14 -3.82822e-14 1.05 -1.06021e-14 -1.79256e-14 0.0513419 0.998681
0.127 -4.98539e-14 -3.86353e-14 1.05 -1.04997e-14 -1.78673e-14 0.0516568 0.998665
0.128 -5.01958e-14 -3.89892e-14 1.05 -1.03947e-14 -1.78071e-14 0.0519703 0.998649
0.129 -5.05365e-14 -3.93439e-14 1.05 -1.0287e-14 -1.7745e-14 0.0522823 0.998632
0.13 -5.08761e-14 -3.96994e-14 1.05 -1.01765e-14 -1.7681e-14 0.0525928 0.998616
0.131 -5.12146e-14 -4.00557e-14 1.05 -1.00634e-14 -1.76151e-14 0.0529018 0.9986
0.132 -5.15519e-14 -4.04128e-14 1.05 -9.94746e-15 -1.75472e-14 0.0532095 0.998583
0.133 -5.1888e-14 -4.07707e-14 1.05 -9.82875e-15 -1.74774e-14 0.0535156 0.998567
0.134 -5.2223e-14 -4.11295e-14 1.05 -9.7072e-15 -1.74056e-14 0.0538203 0.998551
0.135 -5.25567e-14 -4.14892e-14 1.05 -9.58278e-15 -1.73317e-14 0.0541235 0.998534
0.136 -5.28891e-14 -4.18497e-14 1.05 -9.45548e-15 -1.72558e-14 0.0544253 0.998518
0.137 -5.32203e-14 -4.22111e-14 1.05 -9.32526e-15 -1.71779e-14 0.0547256 0.998501
0.138 -5.35502e-14 -4.25735e-14 1.05 -9.19209e-15 -1.70979e-14 0.0550245 0.998485
0.139 -5.38787e-14 -4.29368e-14 1.05 -9.05593e-15 -1.70157e-14 0.0553219 0.998469
0.14 -5.42059e-14 -4.3301e-14 1.05 -8.91677e-15 -1.69315e-14 0.0556179 0.998452
0.141 -5.45317e-14 -4.36662e-14 1.05 -8.77457e-15 -1.6845e-14 0.0559124 0.998436
0.142 -5.48562e-14 -4.40324e-14 1.05 -8.62929e-15 -1.67564e-14 0.0562054 0.998419
0.143 -5.51792e-14 -4.43996e-14 1.05 -8.48089e-15 -1.66656e-14 0.056497 0.998403
0.144 -5.55007e-14 -4.47678e-14 1.05 -8.32935e-15 -1.65726e-14 0.0567871 0.998386
0.145 -5.58208e-14 -4.51371e-14 1.05 -8.17464e-15 -1.64773e-14 0.0570758 0.99837
0.146 -5.61394e-14 -4.55074e-14 1.05 -8.01672e-15 -1.63797e-14 0.057363 0.998353
0.147 -5.64564e-14 -4.58788e-14 1.05 -7.85555e-15 -1.62798e-14 0.0576488 0.998337
0.148 -5.67719e-14 -4.62513e-14 1.05 -7.69111e-15 -1.61776e-14 0.0579331 0.99832
0.149 -5.70859e-14 -4.6625e-14 1.05 -7.52335e-15 -1.6073e-14 0.0582159 0.998304
0.15 -5.73982e-14 -4.69997e-14 1.05 -7.35225e-15 -1.59661e-14 0.0584973 0.998288
0.151 -5.77088e-14 -4.73757e-14 1.05 -7.17775e-15 -1.58567e-14 0.0587772 0.998271
0.152 -5.80178e-14 -4.77528e-14 1.05 -6.99982e-15 -1.57449e-14 0.0590557 0.998255
0.153 -5.83251e-14 -4.81311e-14 1.05 -6.81842e-15 -1.56306e-14 0.0593327 0.998238
0.154 -5.86306e-14 -4.85106e-14 1.05 -6.63352e-15 -1.55138e-14 0.0596083 0.998222
0.155 -5.89344e-14 -4.88914e-14 1.05 -6.44507e-15 -1.53944e-14 0.0598824 0.998205
0.156 -5.92364e-14 -4.92735e-14 1.05 -6.25304e-15 -1.52725e-14 0.0601551 0.998189
0.157 -5.95366e-14 -4.96568e-14 1.05 -6.05738e-15 -1.5148e-14 0.0604263 0.998173
0.158 -5.98349e-14 -5.00415e-14 1.05 -5.85806e-15 -1.50209e-14 0.060696 0.998156
0.159 -6.01314e-14 -5.04275e-14 1.05 -5.65503e-15 -1.48912e-14 0.0609643 0.99814
0.16 -6.04259e-14 -5.08148e-14 1.05 -5.44825e-15 -1.47587e-14 0.0612311 0.998124
0.161 -6.07184e-14 -5.12035e-14 1.05 -5.23769e-15 -1.46236e-14 0.0614965 0.998107
0.162 -6.1009e-14 -5.15937e-14 1.05 -5.0233e-15 -1.44857e-14 0.0617604 0.998091
0.163 -6.12976e-14 -5.19853e-14 1.05 -4.80502e-15 -1.4345e-14 0.0620229 0.998075
0.164 -6.15841e-14 -5.23783e-14 1.05 -4.58282e-15 -1.42015e-14 0.0622839 0.998058
0.165 -6.18685e-14 -5.27728e-14 1.05 -4.35664e-15 -1.40552e-14 0.0625434 0.998042
0.166 -6.21507e-14 -5.31688e-14 1.05 -4.12646e-15 -1.3906e-14 0.0628015 0.998026
0.167 -6.25007e-14 -5.35189e-14 1.05 -4.09262e-15 -1.39346e-14 0.0630582 0.99801
0.168 -6.29382e-14 -5.38096e-14 1.05 -4.30957e-15 -1.419e-14 0.0633133 0.997994
0.169 -6.32872e-14 -5.41604e-14 1.05 -4.26911e-15 -1.4213e-14 0.0635671 0.997978
0.17 -6.36619e-14 -5.44937e-14 1.05 -4.30221e-15 -1.43029e-14 0.0638193 0.997961
0.171 -6.39829e-14 -5.48635e-14 1.05 -4.17997e-15 -1.42527e-14 0.0640702 0.997945
0.172 -6.42793e-14 -5.52499e-14 1.05 -3.98853e-15 -1.41405e-14 0.0643195 0.997929
0.173 -6.45639e-14 -5.56444e-14 1.05 -3.7649e-15 -1.39999e-14 0.0645674 0.997913
0.174 -6.49135e-14 -5.59951e-14 1.05 -3.7291e-15 -1.40301e-14 0.0648139 0.997897
0.175 -6.53571e-14 -5.62826e-14 1.05 -3.96147e-15 -1.43036e-14 0.0650589 0.997881
0.176 -6.57059e-14 -5.66338e-14 1.05 -3.91915e-15 -1.43282e-14 0.0653024 0.997866
0.177 -6.60873e-14 -5.69632e-14 1.05 -3.96991e-15 -1.44376e-14 0.0655445 0.99785
0.178 -6.64084e-14 -5.73332e-14 1.05 -3.84687e-15 -1.43897e-14 0.0657851 0.997834
0.179 -6.6702e-14 -5.77216e-14 1.05 -3.64657e-15 -1.42723e-14 0.0660243 0.997818
0.18 -6.70522e-14 -5.80722e-14 1.05 -3.60929e-15 -1.43036e-14 0.066262 0.997802
0.181 -6.75011e-14 -5.83567e-14 1.05 -3.85269e-15 -1.45904e-14 0.0664983 0.997787
0.182 -6.78506e-14 -5.87079e-14 1.05 -3.80882e-15 -1.46161e-14 0.0667331 0.997771
0.183 -6.82364e-14 -5.90347e-14 1.05 -3.8684e-15 -1.47363e-14 0.0669665 0.997755
0.184 -6.85578e-14 -5.94046e-14 1.05 -3.74286e-15 -1.46884e-14 0.0671984 0.99774
0.185 -6.88499e-14 -5.97941e-14 1.05 -3.53511e-15 -1.45663e-14 0.0674289 0.997724
0.186 -6.91278e-14 -6.01932e-14 1.05 -3.28932e-15 -1.44104e-14 0.0676578 0.997709
0.187 -6.94776e-14 -6.05445e-14 1.05 -3.24996e-15 -1.44435e-14 0.0678854 0.997693
0.188 -6.99327e-14 -6.08258e-14 1.05 -3.50942e-15 -1.47493e-14 0.0681115 0.997678
0.189 -7.02818e-14 -6.11776e-14 1.05 -3.46348e-15 -1.47766e-14 0.0683361 0.997662
0.19 -7.06738e-14 -6.15011e-14 1.05 -3.53861e-15 -1.49148e-14 0.0685593 0.997647
0.191 -7.09947e-14 -6.18716e-14 1.05 -3.41084e-15 -1.48682e-14 0.068781 0.997632
0.192 -7.13462e-14 -6.2222e-14 1.05 -3.37048e-15 -1.4902e-14 0.0690013 0.997617
0.193 -7.18061e-14 -6.25008e-14 1.05 -3.63661e-15 -1.52163e-14 0.0692201 0.997601
0.194 -7.21569e-14 -6.28517e-14 1.05 -3.58943e-15 -1.52441e-14 0.0694375 0.997586
0.195 -7.25511e-14 -6.3174e-14 1.05 -3.66454e-15 -1.53843e-14 0.0696534 0.997571
0.196 -7.28726e-14 -6.35443e-14 1.05 -3.53258e-15 -1.53354e-14 0.0698678 0.997556
0.197 -7.31613e-14 -6.39363e-14 1.05 -3.30877e-15 -1.52031e-14 0.0700808 0.997541
0.198 -7.35134e-14 -6.42866e-14 1.05 -3.2668e-15 -1.52382e-14 0.0702924 0.997526
0.199 -7.3979e-14 -6.45624e-14 1.05 -3.54471e-15 -1.55668e-14 0.0705025 0.997512
0.2 -7.43306e-14 -6.49132e-14 1.05 -3.4958e-15 -1.55958e-14 0.0707111 0.997497
0.201 -7.47289e-14 -6.52333e-14 1.05 -3.57855e-15 -1.5746e-14 0.0709183 0.997482
0.202 -7.50505e-14 -6.56038e-14 1.05 -3.44306e-15 -1.56964e-14 0.0711241 0.997467
0.203 -7.53374e-14 -6.59971e-14 1.05 -3.21083e-15 -1.55588e-14 0.0713283 0.997453
0.204 -7.56902e-14 -6.63474e-14 1.05 -3.16721e-15 -1.55952e-14 0.0715312 0.997438
0.205 -7.61617e-14 -6.66201e-14 1.05 -3.4573e-15 -1.59386e-14 0.0717325 0.997424
0.206 -7.65141e-14 -6.69707e-14 1.05 -3.40663e-15 -1.59688e-14 0.0719325 0.99741
0.207 -7.69171e-14 -6.72884e-14 1.05 -3.49824e-15 -1.61303e-14 0.0721309 0.997395
0.208 -7.7239e-14 -6.7659e-14 1.05 -3.35956e-15 -1.60804e-14 0.0723279 0.997381
0.209 -7.7524e-14 -6.80537e-14 1.05 -3.11889e-15 -1.59374e-14 0.0725235 0.997367
0.21 -7.78776e-14 -6.84039e-14 1.05 -3.07356e-15 -1.59752e-14 0.0727176 0.997353
0.211 -7.83552e-14 -6.86735e-14 1.05 -3.37612e-15 -1.63338e-14 0.0729103 0.997339
0.212 -7.87083e-14 -6.9024e-14 1.05 -3.3236e-15 -1.63652e-14 0.0731015 0.997325
0.213 -7.91157e-14 -6.93394e-14 1.05 -3.42296e-15 -1.6537e-14 0.0732912 0.997311
0.214 -7.94376e-14 -6.97103e-14 1.05 -3.28041e-15 -1.64863e-14 0.0734795 0.997297
0.215 -7.97934e-14 -7.00594e-14 1.05 -3.23399e-15 -1.65249e-14 0.0736664 0.997283
0.216 -8.02764e-14 -7.03261e-14 1.05 -3.54395e-15 -1.68928e-14 0.0738518 0.997269
0.217 -8.06318e-14 -7.06754e-14 1.05 -3.49015e-15 -1.69248e-14 0.0740357 0.997256
0.218 -8.10426e-14 -7.09891e-14 1.05 -3.59137e-15 -1.71005e-14 0.0742182 0.997242
0.219 -8.13659e-14 -7.13593e-14 1.05 -3.44512e-15 -1.70481e-14 0.0743992 0.997229
0.22 -8.17239e-14 -7.17073e-14 1.05 -3.39758e-15 -1.70876e-14 0.0745788 0.997215
0.221 -8.22124e-14 -7.1971e-14 1.05 -3.71499e-15 -1.74649e-14 0.0747569 0.997202
0.222 -8.25701e-14 -7.23192e-14 1.05 -3.6598e-15 -1.74976e-14 0.0749336 0.997189
0.223 -8.29833e-14 -7.26317e-14 1.05 -3.75994e-15 -1.76745e-14 0.0751088 0.997175
0.224 -8.33075e-14 -7.30016e-14 1.05 -3.60854e-15 -1.7619e-14 0.0752826 0.997162
0.225 -8.36677e-14 -7.33484e-14 1.05 -3.55984e-15 -1.76595e-14 0.0754549 0.997149
0.226 -8.4162e-14 -7.36091e-14 1.05 -3.88509e-15 -1.80467e-14 0.0756258 0.997136
0.227 -8.4522e-14 -7.39562e-14 1.05 -3.82848e-15 -1.808e-14 0.0757952 0.997123
0.228 -8.49381e-14 -7.42672e-14 1.05 -3.92864e-15 -1.82592e-14 0.0759632 0.997111
0.229 -8.52633e-14 -7.46368e-14 1.05 -3.77238e-15 -1.82011e-14 0.0761297 0.997098
0.23 -8.56258e-14 -7.49824e-14 1.05 -3.72248e-15 -1.82425e-14 0.0762948 0.997085
0.231 -8.61261e-14 -7.524e-14 1.05 -4.056e-15 -1.864e-14 0.0764584 0.997073
0.232 -8.64884e-14 -7.55858e-14 1.05 -3.99797e-15 -1.86741e-14 0.0766205 0.99706
0.233 -8.6908e-14 -7.58952e-14 1.05 -4.0995e-15 -1.88568e-14 0.0767812 0.997048
0.234 -8.72344e-14 -7.62642e-14 1.05 -3.93883e-15 -1.87965e-14 0.0769405 0.997036
0.235 -8.75994e-14 -7.66086e-14 1.05 -3.88771e-15 -1.8839e-14 0.0770983 0.997023
0.236 -8.81057e-14 -7.6863e-14 1.05 -4.2296e-15 -1.9247e-14 0.0772546 0.997011
0.237 -8.84705e-14 -7.72076e-14 1.05 -4.17006e-15 -1.92817e-14 0.0774095 0.996999
0.238 -8.88928e-14 -7.75157e-14 1.05 -4.27081e-15 -1.94661e-14 0.077563 0.996987
0.239 -8.92202e-14 -7.78843e-14 1.05 -4.10463e-15 -1.94026e-14 0.077715 0.996976
0.24 -8.95876e-14 -7.82276e-14 1.05 -4.05225e-15 -1.94461e-14 0.0778655 0.996964
0.241 -9.01002e-14 -7.84787e-14 1.05 -4.40287e-15 -1.9865e-14 0.0780146 0.996952
0.242 -9.04675e-14 -7.88221e-14 1.05 -4.34179e-15 -1.99004e-14 0.0781622 0.996941
0.243 -9.0893e-14 -7.91287e-14 1.05 -4.44251e-15 -2.00872e-14 0.0783084 0.996929
0.244 -9.12214e-14 -7.9497e-14 1.05 -4.27098e-15 -2.00208e-14 0.0784532 0.996918
0.245 -9.15913e-14 -7.9839e-14 1.05 -4.21731e-15 -2.00653e-14 0.0785965 0.996907
0.246 -9.21104e-14 -8.00867e-14 1.05 -4.57705e-15 -2.04956e-14 0.0787383 0.996895
0.247 -9.24803e-14 -8.04288e-14 1.05 -4.51442e-15 -2.05318e-14 0.0788787 0.996884
0.248 -9.29094e-14 -8.07336e-14 1.05 -4.61611e-15 -2.07219e-14 0.0790176 0.996873
0.249 -9.32391e-14 -8.11014e-14 1.05 -4.43949e-15 -2.06529e-14 0.0791551 0.996862
0.25 -9.36116e-14 -8.14423e-14 1.05 -4.38449e-15 -2.06985e-14 0.0792911 0.996852
0.251 -9.41374e-14 -8.16863e-14 1.05 -4.75365e-15 -2.11404e-14 0.0794257 0.996841
0.252 -9.451e-14 -8.20272e-14 1.05 -4.68945e-15 -2.11775e-14 0.0795588 0.99683
0.253 -9.4943e-14 -8.23301e-14 1.05 -4.79259e-15 -2.13714e-14 0.0796905 0.99682
0.254 -9.52742e-14 -8.26973e-14 1.05 -4.61096e-15 -2.12999e-14 0.0798207 0.996809
0.255 -9.56494e-14 -8.30368e-14 1.05 -4.5546e-15 -2.13466e-14 0.0799495 0.996799
0.256 -9.61821e-14 -8.32773e-14 1.05 -4.93334e-15 -2.18005e-14 0.0800768 0.996789
0.257 -9.65576e-14 -8.36168e-14 1.05 -4.86749e-15 -2.18382e-14 0.0802027 0.996779
0.258 -9.69939e-14 -8.39181e-14 1.05 -4.97025e-15 -2.20344e-14 0.0803271 0.996769
0.259 -9.73264e-14 -8.42848e-14 1.05 -4.78269e-15 -2.19596e-14 0.0804501 0.996759
0.26 -9.77044e-14 -8.4623e-14 1.05 -4.72494e-15 -2.20074e-14 0.0805716 0.996749
0.261 -9.82443e-14 -8.48597e-14 1.05 -5.11375e-15 -2.24737e-14 0.0806917 0.996739
0.262 -9.86228e-14 -8.51978e-14 1.05 -5.04631e-15 -2.25123e-14 0.0808103 0.996729
0.263 -9.90637e-14 -8.54967e-14 1.05 -5.15173e-15 -2.27136e-14 0.0809275 0.99672
0.264 -9.93981e-14 -8.58627e-14 1.05 -4.95942e-15 -2.26366e-14 0.0810432 0.996711
0.265 -9.97791e-14 -8.61995e-14 1.05 -4.90027e-15 -2.26856e-14 0.0811575 0.996701
0.266 -1.00326e-13 -8.64324e-14 1.05 -5.29916e-15 -2.31643e-14 0.0812703 0.996692
0.267 -1.00708e-13 -8.67688e-14 1.05 -5.23001e-15 -2.32037e-14 0.0813817 0.996683
0.268 -1.01381e-13 -8.6923e-14 1.05 -5.96401e-15 -2.39962e-14 0.0814916 0.996674
0.269 -1.01725e-13 -8.72832e-14 1.05 -5.76866e-15 -2.39158e-14 0.0816001 0.996665
0.27 -1.02116e-13 -8.76137e-14 1.05 -5.70968e-15 -2.39646e-14 0.0817071 0.996656
0.271 -1.02689e-13 -8.78308e-14 1.05 -6.15134e-15 -2.44836e-14 0.0818127 0.996648
0.272 -1.03083e-13 -8.81603e-14 1.05 -6.08342e-15 -2.45237e-14 0.0819168 0.996639
0.273 -1.03754e-13 -8.83159e-14 1.05 -6.78268e-15 -2.52839e-14 0.0820195 0.996631
0.274 -1.04114e-13 -8.86661e-14 1.05 -6.60196e-15 -2.52166e-14 0.0821207 0.996622
0.275 -1.04517e-13 -8.89899e-14 1.05 -6.54323e-15 -2.52652e-14 0.0822205 0.996614
0.276 -1.05101e-13 -8.92006e-14 1.05 -6.98469e-15 -2.57841e-14 0.0823188 0.996606
0.277 -1.05505e-13 -8.95235e-14 1.05 -6.91645e-15 -2.58234e-14 0.0824156 0.996598
0.278 -1.06194e-13 -8.96689e-14 1.05 -7.63233e-15 -2.65996e-14 0.0825111 0.99659
0.279 -1.06563e-13 -9.00136e-14 1.05 -7.44403e-15 -2.65243e-14 0.082605 0.996582
0.28 -1.06977e-13 -9.03304e-14 1.05 -7.3856e-15 -2.65727e-14 0.0826976 0.996575
0.281 -1.07572e-13 -9.05344e-14 1.05 -7.82683e-15 -2.70914e-14 0.0827886 0.996567
0.282 -1.07988e-13 -9.08503e-14 1.05 -7.75828e-15 -2.71298e-14 0.0828782 0.99656
0.283 -1.08695e-13 -9.09849e-14 1.05 -8.49202e-15 -2.7923e-14 0.0829664 0.996552
0.284 -1.09074e-13 -9.13239e-14 1.05 -8.29559e-15 -2.78391e-14 0.0830531 0.996545
0.285 -1.095e-13 -9.16333e-14 1.05 -8.23752e-15 -2.78873e-14 0.0831384 0.996538
0.286 -1.10107e-13 -9.18304e-14 1.05 -8.67823e-15 -2.84053e-14 0.0832222 0.996531
0.287 -1.10535e-13 -9.21389e-14 1.05 -8.60946e-15 -2.84428e-14 0.0833046 0.996524
0.288 -1.11261e-13 -9.22626e-14 1.05 -9.35956e-15 -2.92514e-14 0.0833855 0.996517
0.289 -1.11649e-13 -9.25953e-14 1.05 -9.15566e-15 -2.91595e-14 0.083465 0.996511
0.29 -1.12088e-13 -9.28971e-14 1.05 -9.09802e-15 -2.92073e-14 0.083543 0.996504
0.291 -1.12708e-13 -9.30869e-14 1.05 -9.53798e-15 -2.97244e-14 0.0836196 0.996498
0.292 -1.13148e-13 -9.33875e-14 1.05 -9.46905e-15 -2.97609e-14 0.0836947 0.996491
0.293 -1.13893e-13 -9.34999e-14 1.05 -1.02364e-14 -3.05856e-14 0.0837684 0.996485
0.294 -1.14293e-13 -9.38259e-14 1.05 -1.00246e-14 -3.0485e-14 0.0838406 0.996479
0.295 -1.14745e-13 -9.41194e-14 1.05 -9.96749e-15 -3.05323e-14 0.0839114 0.996473
0.296 -1.15378e-13 -9.43016e-14 1.05 -1.04063e-14 -3.10479e-14 0.0839807 0.996467
0.297 -1.15832e-13 -9.4594e-14 1.05 -1.03373e-14 -3.10834e-14 0.0840486 0.996462
0.298 -1.16597e-13 -9.46943e-14 1.05 -1.11227e-14 -3.19248e-14 0.084115 0.996456
0.299 -1.17008e-13 -9.50131e-14 1.05 -1.09026e-14 -3.18147e-14 0.08418 0.996451
0.3 -1.17475e-13 -9.52979e-14 1.05 -1.08461e-14 -3.18616e-14 0.0842435 0.996445
0.301 -1.18121e-13 -9.54723e-14 1.05 -1.1283e-14 -3.23746e-14 0.0843056 0.99644
0.302 -1.1859e-13 -9.57558e-14 1.05 -1.12141e-14 -3.2409e-14 0.0843663 0.996435
0.303 -1.19374e-13 -9.58445e-14 1.05 -1.20134e-14 -3.32629e-14 0.0844254 0.99643
0.304 -1.19799e-13 -9.6155e-14 1.05 -1.17867e-14 -3.31448e-14 0.0844832 0.996425
0.305 -1.20281e-13 -9.64305e-14 1.05 -1.1731e-14 -3.3191e-14 0.0845395 0.99642
0.306 -1.20941e-13 -9.65966e-14 1.05 -1.21654e-14 -3.37008e-14 0.0845943 0.996415
0.307 -1.21425e-13 -9.68707e-14 1.05 -1.20967e-14 -3.37338e-14 0.0846477 0.996411
0.308 -1.22231e-13 -9.69468e-14 1.05 -1.29118e-14 -3.46018e-14 0.0846996 0.996407
0.309 -1.2267e-13 -9.72484e-14 1.05 -1.26776e-14 -3.44742e-14 0.0847501 0.996402
0.31 -1.23169e-13 -9.75138e-14 1.05 -1.26229e-14 -3.45197e-14 0.0847991 0.996398
0.311 -1.23843e-13 -9.76713e-14 1.05 -1.30538e-14 -3.5025e-14 0.0848467 0.996394
0.312 -1.24344e-13 -9.79351e-14 1.05 -1.29856e-14 -3.50566e-14 0.0848929 0.99639
0.313 -1.2517e-13 -9.79986e-14 1.05 -1.3814e-14 -3.5936e-14 0.0849376 0.996386
0.314 -1.25626e-13 -9.829e-14 1.05 -1.35732e-14 -3.57994e-14 0.0849808 0.996383
0.315 -1.26143e-13 -9.85445e-14 1.05 -1.35197e-14 -3.58439e-14 0.0850226 0.996379
0.316 -1.26832e-13 -9.86929e-14 1.05 -1.39459e-14 -3.63431e-14 0.085063 0.996376
0.317 -1.27351e-13 -9.89456e-14 1.05 -1.38784e-14 -3.63731e-14 0.0851018 0.996372
0.318 -1.27867e-13 -9.9201e-14 1.05 -1.38102e-14 -3.6405e-14 0.0851393 0.996369
0.319 -1.28707e-13 -9.92568e-14 1.05 -1.46389e-14 -3.72858e-14 0.0851753 0.996366
0.32 -1.29182e-13 -9.95366e-14 1.05 -1.44008e-14 -3.71504e-14 0.0852098 0.996363
0.321 -1.29714e-13 -9.97817e-14 1.05 -1.43475e-14 -3.71949e-14 0.0852429 0.99636
0.322 -1.3042e-13 -9.99205e-14 1.05 -1.47782e-14 -3.76988e-14 0.0852746 0.996357
0.323 -1.30957e-13 -1.00163e-13 1.05 -1.47105e-14 -3.77277e-14 0.0853048 0.996355
0.324 -1.31481e-13 -1.00413e-13 1.05 -1.46223e-14 -3.77405e-14 0.0853335 0.996352
0.325 -1.31776e-13 -1.00805e-13 1.05 -1.39248e-14 -3.71819e-14 0.0853609 0.99635
0.326 -1.3227e-13 -1.01076e-13 1.05 -1.38605e-14 -3.72356e-14 0.0853867 0.996348
0.327 -1.32943e-13 -1.01236e-13 1.05 -1.42989e-14 -3.77669e-14 0.0854111 0.996346
0.328 -1.33447e-13 -1.015e-13 1.05 -1.42192e-14 -3.78019e-14 0.0854341 0.996344
0.329 -1.33888e-13 -1.01746e-13 1.05 -1.41838e-14 -3.76261e-14 0.0854556 0.996342
0.33 -1.34358e-13 -1.01975e-13 1.05 -1.42598e-14 -3.75618e-14 0.0854756 0.99634
0.331 -1.34851e-13 -1.0223e-13 1.05 -1.42922e-14 -3.76108e-14 0.0854943 0.996339
0.332 -1.35318e-13 -1.02501e-13 1.05 -1.42624e-14 -3.76034e-14 0.0855114 0.996337
0.333 -1.35765e-13 -1.02785e-13 1.05 -1.41985e-14 -3.7568e-14 0.0855271 0.996336
0.334 -1.36192e-13 -1.03082e-13 1.05 -1.41086e-14 -3.75137e-14 0.0855414 0.996335
0.335 -1.36597e-13 -1.03393e-13 1.05 -1.39939e-14 -3.74422e-14 0.0855542 0.996334
0.336 -1.36977e-13 -1.03721e-13 1.05 -1.38521e-14 -3.7353e-14 0.0855656 0.996333
0.337 -1.37326e-13 -1.04068e-13 1.05 -1.36794e-14 -3.72436e-14 0.0855755 0.996332
0.338 -1.37637e-13 -1.04439e-13 1.05 -1.34705e-14 -3.71111e-14 0.085584 0.996331
0.339 -1.37979e-13 -1.04792e-13 1.05 -1.34264e-14 -3.71481e-14 0.085591 0.99633
0.34 -1.38318e-13 -1.05126e-13 1.05 -1.34578e-14 -3.71767e-14 0.0855966 0.99633
0.341 -1.38641e-13 -1.0547e-13 1.05 -1.34429e-14 -3.71624e-14 0.0856007 0.99633
0.342 -1.38953e-13 -1.05821e-13 1.05 -1.34324e-14 -3.71586e-14 0.0856034 0.996329
0.343 -1.39246e-13 -1.06183e-13 1.05 -1.34086e-14 -3.71487e-14 0.0856046 0.996329
0.344 -1.39288e-13 -1.0617e-13 1.05 -1.33267e-14 -3.68904e-14 0.0856046 0.996329
0.345 -5.00214e-13 4.03922e-13 1.05 2.32715e-12 2.45439e-12 0.0856046 0.996329
0.346 -5.00214e-13 4.03922e-13 1.05 2.32715e-12 2.45439e-12 0.0856046 0.996329
