0 0 0.5 0 0 0 0 1
0.01 0 0.5 0 0 0 0 1
0.02 0 0.5 0 1.38778e-19 0 4.16334e-19 1
0.03 0 0.5 0 8.43201e-24 7.70372e-38 5.5512e-19 1
0.04 0 0.5 0 -1.38769e-19 1.54077e-37 6.93898e-19 1
0.05 0 0.5 0 -2.77547e-19 2.31116e-37 8.32676e-19 1
0.06 0 0.5 0 -4.16325e-19 3.08156e-37 9.71454e-19 1
0.07 0 0.5 0 -5.55103e-19 3.85195e-37 1.11023e-18 1
0.08 0 0.5 0 -6.93881e-19 4.62235e-37 1.24901e-18 1
0.09 0 0.5 0 -8.32659e-19 5.39274e-37 1.38779e-18 1
0.1 0 0.5 0 -9.71437e-19 6.16314e-37 1.52657e-18 1
0.11 0 0.5 0 -1.11021e-18 6.93354e-37 1.66534e-18 1
0.12 0 0.5 0 -1.24899e-18 7.70393e-37 1.80412e-18 1
0.13 0 0.5 0 -1.38777e-18 8.47433e-37 1.9429e-18 1
0.14 0 0.5 0 -1.52655e-18 9.24472e-37 2.08168e-18 1
0.15 0 0.5 0 -1.66533e-18 1.00151e-36 2.22045e-18 1
0.16 0 0.5 0 -1.8041e-18 1.07855e-36 2.35923e-18 1
0.17 0 0.5 0 -1.94288e-18 1.15559e-36 2.49801e-18 1
0.18 0 0.5 0 -2.08166e-18 1.23263e-36 2.63679e-18 1
0.19 0 0.5 0 -2.22044e-18 1.30967e-36 2.77557e-18 1
0.2 0 0.5 0 -2.35922e-18 1.38671e-36 2.91434e-18 1
0.21 0 0.5 0 -2.49799e-18 1.46375e-36 3.05312e-18 1
0.22 0 0.5 0 -2.63677e-18 1.54079e-36 3.1919e-18 1
0.23 0 0.5 0 -2.77555e-18 1.61783e-36 3.33068e-18 1
0.24 0 0.5 0 -2.91433e-18 1.69487e-36 3.46946e-18 1
0.25 0 0.5 0 -3.0531e-18 1.77191e-36 3.60823e-18 1
0.26 0 0.5 0 -3.19188e-18 1.84895e-36 3.74701e-18 1
0.27 0 0.5 0 -3.33066e-18 1.92599e-36 3.88579e-18 1
0.28 0 0.5 0 -3.46944e-18 2.00303e-36 4.02457e-18 1
0.29 0 0.5 0 -3.60822e-18 2.08007e-36 4.16334e-18 1
0.3 0 0.5 0 -3.74699e-18 2.1571e-36 4.30212e-18 1
0.31 0 0.5 0 -3.88577e-18 2.23414e-36 4.4409e-18 1
0.32 0 0.5 0 -4.02455e-18 2.31118e-36 4.57968e-18 1
0.33 0 0.5 0 -4.16333e-18 2.38822e-36 4.71846e-18 1
0.34 0 0.5 0 -4.30211e-18 2.46526e-36 4.85723e-18 1
0.35 0 0.5 0 -4.44088e-18 2.5423e-36 4.99601e-18 1
0.36 0 0.5 0 -4.57966e-18 2.61934e-36 5.13479e-18 1
0.37 0 0.5 0 -4.71844e-18 2.69638e-36 5.27357e-18 1
0.38 0 0.5 0 -4.85722e-18 2.77342e-36 5.41235e-18 1
0.39 0 0.5 0 -4.996e-18 2.85046e-36 5.55112e-18 1
0.4 0 0.5 0 -5.13477e-18 2.9275e-36 5.6899e-18 1
0.41 0 0.5 0 -5.27355e-18 3.00454e-36 5.82868e-18 1
0.42 0 0.5 0 -5.41233e-18 3.08158e-36 5.96746e-18 1
0.43 0 0.5 0 -5.55111e-18 3.15862e-36 6.10624e-18 1
0.44 0 0.5 0 -5.68988e-18 3.23566e-36 6.24501e-18 1
0.45 0 0.5 0 -5.82866e-18 3.3127e-36 6.38379e-18 1
0.46 0 0.5 0 -5.96744e-18 3.38974e-36 6.52257e-18 1
0.47 0 0.5 0 -6.10622e-18 3.46678e-36 6.66135e-18 1
0.48 0 0.5 0 -6.245e-18 3.54382e-36 6.80012e-18 1
0.49 0 0.5 0 -6.38377e-18 3.62086e-36 6.9389e-18 1
0.5 0 0.5 0 -6.52255e-18 3.6979e-36 7.07768e-18 1
0.51 0 0.5 0 -6.66133e-18 3.77494e-36 7.21646e-18 1
0.52 0 0.5 0 -6.80011e-18 3.85197e-36 7.35524e-18 1
0.53 0 0.5 0 -6.93889e-18 3.92901e-36 7.49401e-18 1
0.54 0 0.5 0 -7.07766e-18 4.00605e-36 7.63279e-18 1
0.55 0 0.5 0 -7.21644e-18 4.08309e-36 7.77157e-18 1
0.56 0 0.5 0 -7.35522e-18 4.16013e-36 7.91035e-18 1
0.57 0 0.5 0 -7.494e-18 4.23717e-36 8.04913e-18 1
0.58 0 0.5 0 -7.63277e-18 4.31421e-36 8.1879e-18 1
0.59 0 0.5 0 -7.77155e-18 4.39125e-36 8.32668e-18 1
0.6 0 0.5 0 -7.91033e-18 4.46829e-36 8.46546e-18 1
0.61 0 0.5 0 -8.04911e-18 4.54533e-36 8.60424e-18 1
0.62 0 0.5 0 -8.18789e-18 4.62237e-36 8.74301e-18 1
0.63 0 0.5 0 -8.32666e-18 4.69941e-36 8.88179e-18 1
0.64 0 0.5 0 -8.46544e-18 4.77645e-36 9.02057e-18 1
0.65 0 0.5 0 -8.60422e-18 4.85349e-36 9.15935e-18 1
0.66 0 0.5 0 -8.743e-18 4.93053e-36 9.29813e-18 1
0.67 0 0.5 0 -8.88178e-18 5.00757e-36 9.4369e-18 1
0.68 0 0.5 0 -9.02055e-18 5.08461e-36 9.57568e-18 1
0.69 0 0.5 0 -9.15933e-18 5.16165e-36 9.71446e-18 1
0.7 0 0.5 0 -9.29811e-18 5.23869e-36 9.85324e-18 1
0.71 0 0.5 0 -9.43689e-18 5.31573e-36 9.99202e-18 1
0.72 0 0.5 0 -9.57567e-18 5.39277e-36 1.01308e-17 1
0.73 0 0.5 0 -9.71444e-18 5.4698e-36 1.02696e-17 1
0.74 0 0.5 0 -9.85322e-18 5.54684e-36 1.04083e-17 1
0.75 0 0.5 0 -9.992e-18 5.62388e-36 1.05471e-17 1
0.76 0 0.5 0 -1.01308e-17 5.70092e-36 1.06859e-17 1
0.77 0 0.5 0 -1.02696e-17 5.77796e-36 1.08247e-17 1
0.78 0 0.5 0 -1.04083e-17 5.855e-36 1.09635e-17 1
0.79 0 0.5 0 -1.05471e-17 5.93204e-36 1.11022e-17 1
0.8 0 0.5 0 -1.06859e-17 6.00908e-36 1.1241e-17 1
0.81 0 0.5 0 -1.08247e-17 6.08612e-36 1.13798e-17 1
0.82 0 0.5 0 -1.09634e-17 6.16316e-36 1.15186e-17 1
0.83 0 0.5 0 -1.11022e-17 6.2402e-36 1.16574e-17 1
0.84 0 0.5 0 -1.1241e-17 6.31724e-36 1.17961e-17 1
0.85 0 0.5 0 -1.13798e-17 6.39428e-36 1.19349e-17 1
0.86 0 0.5 0 -1.15186e-17 6.47132e-36 1.20737e-17 1
0.87 0 0.5 0 -1.16573e-17 6.54836e-36 1.22125e-17 1
0.88 0 0.5 0 -1.17961e-17 6.6254e-36 1.23512e-17 1
0.89 0 0.5 0 -1.19349e-17 6.70244e-36 1.249e-17 1
0.9 0 0.5 0 -1.20737e-17 6.77948e-36 1.26288e-17 1
0.91 0 0.5 0 -1.22124e-17 6.85652e-36 1.27676e-17 1
0.92 0 0.5 0 -1.23512e-17 6.93356e-36 1.29064e-17 1
0.93 0 0.5 0 -1.249e-17 7.0106e-36 1.30451e-17 1
0.94 0 0.5 0 -1.26288e-17 7.08764e-36 1.31839e-17 1
0.95 0 0.5 0 -1.27676e-17 7.16467e-36 1.33227e-17 1
0.96 0 0.5 0 -1.29063e-17 7.24171e-36 1.34615e-17 1
0.97 0 0.5 0 -1.30451e-17 7.31875e-36 1.36002e-17 1
0.98 0 0.5 0 -1.31839e-17 7.39579e-36 1.3739e-17 1
0.99 0 0.5 0 -1.33227e-17 7.47283e-36 1.38778e-17 1
1 0 0.5 0 -1.34614e-17 7.54987e-36 1.40166e-17 1
1.01 0 0.5 0 -1.36002e-17 7.62691e-36 1.41554e-17 1
1.02 0 0.5 0 -1.3739e-17 7.70395e-36 1.42941e-17 1
1.03 0 0.5 0 -1.38778e-17 7.78099e-36 1.44329e-17 1
1.04 0 0.5 0 -1.40166e-17 7.85803e-36 1.45717e-17 1
1.05 0 0.5 0 -1.41553e-17 7.93507e-36 1.47105e-17 1
1.06 0 0.5 0 -1.42941e-17 8.01211e-36 1.48492e-17 1
1.07 0 0.5 0 -1.44329e-17 8.08915e-36 1.4988e-17 1
1.08 0 0.5 0 -1.45717e-17 8.16619e-36 1.51268e-17 1
1.09 0 0.5 0 -1.47104e-17 8.24323e-36 1.52656e-17 1
1.1 0 0.5 0 -1.48492e-17 8.32027e-36 1.54044e-17 1
1.11 0 0.5 0 -1.4988e-17 8.39731e-36 1.55431e-17 1
1.12 0 0.5 0 -1.51268e-17 8.47435e-36 1.56819e-17 1
1.13 0 0.5 0 -1.52656e-17 8.55139e-36 1.58207e-17 1
1.14 0 0.5 0 -1.54043e-17 8.62843e-36 1.59595e-17 1
1.15 0 0.5 0 -1.55431e-17 8.70547e-36 1.60982e-17 1
1.16 0 0.5 0 -1.56819e-17 8.78251e-36 1.6237e-17 1
1.17 0 0.5 0 -1.58207e-17 8.85954e-36 1.63758e-17 1
1.18 0 0.5 0 -1.59594e-17 8.93658e-36 1.65146e-17 1
1.19 0 0.5 0 -1.60982e-17 9.01362e-36 1.66534e-17 1
1.2 0 0.5 0 -1.6237e-17 9.09066e-36 1.67921e-17 1
1.21 0 0.5 0 -1.63758e-17 9.1677e-36 1.69309e-17 1
1.22 0 0.5 0 -1.65146e-17 9.24474e-36 1.70697e-17 1
1.23 0 0.5 0 -1.66533e-17 9.32178e-36 1.72085e-17 1
1.24 0 0.5 0 -1.67921e-17 9.39882e-36 1.73472e-17 1
1.25 0 0.5 0 -1.69309e-17 9.47586e-36 1.7486e-17 1
1.26 0 0.5 0 -1.70697e-17 9.5529e-36 1.76248e-17 1
1.27 0 0.5 0 -1.72084e-17 9.62994e-36 1.77636e-17 1
1.28 0 0.5 0 -1.73472e-17 9.70698e-36 1.79024e-17 1
1.29 0 0.5 0 -1.7486e-17 9.78402e-36 1.80411e-17 1
1.3 0 0.5 0 -1.76248e-17 9.86106e-36 1.81799e-17 1
1.31 0 0.5 0 -1.77636e-17 9.9381e-36 1.83187e-17 1
1.32 0 0.5 0 -1.79023e-17 1.00151e-35 1.84575e-17 1
1.33 0 0.5 0 -1.80411e-17 1.00922e-35 1.85962e-17 1
1.34 0 0.5 0 -1.81799e-17 1.01692e-35 1.8735e-17 1
1.35 0 0.5 0 -1.83187e-17 1.02463e-35 1.88738e-17 1
1.36 0 0.5 0 -1.84574e-17 1.03233e-35 1.90126e-17 1
1.37 0 0.5 0 -1.85962e-17 1.04003e-35 1.91514e-17 1
1.38 0 0.5 0 -1.8735e-17 1.04774e-35 1.92901e-17 1
1.39 0 0.5 0 -1.88738e-17 1.05544e-35 1.94289e-17 1
1.4 0 0.5 0 -1.90126e-17 1.06315e-35 1.95677e-17 1
1.41 0 0.5 0 -1.91513e-17 1.07085e-35 1.97065e-17 1
1.42 0 0.5 0 -1.92901e-17 1.07855e-35 1.98452e-17 1
1.43 0 0.5 0 -1.94289e-17 1.08626e-35 1.9984e-17 1
1.44 0 0.5 0 -1.95677e-17 1.09396e-35 2.01228e-17 1
1.45 0 0.5 0 -1.97065e-17 1.10167e-35 2.02616e-17 1
1.46 0 0.5 0 -1.98452e-17 1.10937e-35 2.04004e-17 1
1.47 0 0.5 0 -1.9984e-17 1.11707e-35 2.05391e-17 1
1.48 0 0.5 0 -2.01228e-17 1.12478e-35 2.06779e-17 1
1.49 0 0.5 0 -2.02616e-17 1.13248e-35 2.08167e-17 1
1.5 0 0.5 0 -2.04003e-17 1.14018e-35 2.09555e-17 1
1.51 0 0.5 0 -2.05391e-17 1.14789e-35 2.10942e-17 1
1.52 0 0.5 0 -2.06779e-17 1.15559e-35 2.1233e-17 1
1.53 0 0.5 0 -2.08167e-17 1.1633e-35 2.13718e-17 1
1.54 0 0.5 0 -2.09555e-17 1.171e-35 2.15106e-17 1
1.55 0 0.5 0 -2.10942e-17 1.1787e-35 2.16494e-17 1
1.56 0 0.5 0 -2.1233e-17 1.18641e-35 2.17881e-17 1
1.57 0 0.5 0 -2.13718e-17 1.19411e-35 2.19269e-17 1
1.58 0 0.5 0 -2.15106e-17 1.20182e-35 2.20657e-17 1
1.59 0 0.5 0 -2.16493e-17 1.20952e-35 2.22045e-17 1
1.6 0 0.5 0 -2.17881e-17 1.21722e-35 2.23432e-17 1
1.61 0 0.5 0 -2.19269e-17 1.22493e-35 2.2482e-17 1
1.62 0 0.5 0 -2.20657e-17 1.23263e-35 2.26208e-17 1
1.63 0 0.5 0 -2.22045e-17 1.24034e-35 2.27596e-17 1
1.64 0 0.5 0 -2.23432e-17 1.24804e-35 2.28984e-17 1
1.65 0 0.5 0 -2.2482e-17 1.25574e-35 2.30371e-17 1
1.66 0 0.5 0 -2.26208e-17 1.26345e-35 2.31759e-17 1
1.67 0 0.5 0 -2.27596e-17 1.27115e-35 2.33147e-17 1
1.68 0 0.5 0 -2.28983e-17 1.27886e-35 2.34535e-17 1
1.69 0 0.5 0 -2.30371e-17 1.28656e-35 2.35922e-17 1
1.7 0 0.5 0 -2.31759e-17 1.29426e-35 2.3731e-17 1
1.71 0 0.5 0 -2.33147e-17 1.30197e-35 2.38698e-17 1
1.72 0 0.5 0 -2.34535e-17 1.30967e-35 2.40086e-17 1
1.73 0 0.5 0 -2.35922e-17 1.31738e-35 2.41474e-17 1
1.74 0 0.5 0 -2.3731e-17 1.32508e-35 2.42861e-17 1
1.75 0 0.5 0 -2.38698e-17 1.33278e-35 2.44249e-17 1
1.76 0 0.5 0 -2.40086e-17 1.34049e-35 2.45637e-17 1
1.77 0 0.5 0 -2.41473e-17 1.34819e-35 2.47025e-17 1
1.78 0 0.5 0 -2.42861e-17 1.3559e-35 2.48412e-17 1
1.79 0 0.5 0 -2.44249e-17 1.3636e-35 2.498e-17 1
1.8 0 0.5 0 -2.45637e-17 1.3713e-35 2.51188e-17 1
1.81 0 0.5 0 -2.47025e-17 1.37901e-35 2.52576e-17 1
1.82 0 0.5 0 -2.48412e-17 1.38671e-35 2.53964e-17 1
1.83 0 0.5 0 -2.498e-17 1.39442e-35 2.55351e-17 1
1.84 0 0.5 0 -2.51188e-17 1.40212e-35 2.56739e-17 1
1.85 0 0.5 0 -2.52576e-17 1.40982e-35 2.58127e-17 1
1.86 0 0.5 0 -2.53963e-17 1.41753e-35 2.59515e-17 1
1.87 0 0.5 0 -2.55351e-17 1.42523e-35 2.60902e-17 1
1.88 0 0.5 0 -2.56739e-17 1.43294e-35 2.6229e-17 1
1.89 0 0.5 0 -2.58127e-17 1.44064e-35 2.63678e-17 1
1.9 0 0.5 0 -2.59515e-17 1.44834e-35 2.65066e-17 1
1.91 0 0.5 0 -2.60902e-17 1.45605e-35 2.66454e-17 1
1.92 0 0.5 0 -2.6229e-17 1.46375e-35 2.67841e-17 1
1.93 0 0.5 0 -2.63678e-17 1.47145e-35 2.69229e-17 1
1.94 0 0.5 0 -2.65066e-17 1.47916e-35 2.70617e-17 1
1.95 0 0.5 0 -2.66453e-17 1.48686e-35 2.72005e-17 1
1.96 0 0.5 0 -2.67841e-17 1.49457e-35 2.73393e-17 1
1.97 0 0.5 0 -2.69229e-17 1.50227e-35 2.7478e-17 1
1.98 0 0.5 0 -2.70617e-17 1.50997e-35 2.76168e-17 1
1.99 0 0.5 0 -2.72005e-17 1.51767e-35 2.77556e-17 1
2 0 0.5 0 -2.73392e-17 1.52537e-35 2.78944e-17 1
2.01 0 0.5 0 1.41554e-17 -1.73529e-35 -1.34614e-17 1
2.02 0 0.5 0 1.40166e-17 -1.52921e-35 -1.31839e-17 1
2.03 0 0.5 0 1.38778e-17 -1.32314e-35 -1.29063e-17 1
2.04 0 0.5 0 1.3739e-17 -1.11706e-35 -1.26288e-17 1
2.05 0 0.5 0 1.34615e-17 -1.27691e-35 -1.249e-17 1
2.06 0 0.5 0 1.31839e-17 -1.43676e-35 -1.23512e-17 1
2.07 0 0.5 0 1.29064e-17 -1.59661e-35 -1.22124e-17 1
2.08 0 0.5 0 1.26288e-17 -1.75646e-35 -1.20737e-17 1
2.09 0 0.5 0 1.249e-17 -1.57351e-35 -1.17961e-17 1
2.1 0 0.5 0 1.22125e-17 -1.72758e-35 -1.16573e-17 1
2.11 0 0.5 0 1.19349e-17 -1.88165e-35 -1.15186e-17 1
2.12 0 0.5 0 1.16574e-17 -2.03573e-35 -1.13798e-17 1
2.13 0 0.5 0 1.15186e-17 -1.87011e-35 -1.11022e-17 1
2.14 0 0.5 0 1.1241e-17 -2.0184e-35 -1.09634e-17 1
2.15 0 0.5 0 1.09635e-17 -2.1667e-35 -1.08247e-17 1
2.16 0 0.5 0 1.06859e-17 -2.315e-35 -1.06859e-17 1
2.17 0 0.5 0 1.05471e-17 -2.16671e-35 -1.04083e-17 1
2.18 0 0.5 0 1.02696e-17 -2.30923e-35 -1.02696e-17 1
2.19 0 0.5 0 9.99201e-18 -2.45175e-35 -1.01308e-17 1
2.2 0 0.5 0 9.71445e-18 -2.59427e-35 -9.992e-18 1
2.21 0 0.5 0 9.57567e-18 -2.46331e-35 -9.71445e-18 1
2.22 0 0.5 0 9.29811e-18 -2.60005e-35 -9.57568e-18 1
2.23 0 0.5 0 9.02056e-18 -2.73679e-35 -9.4369e-18 1
2.24 0 0.5 0 8.743e-18 -2.87353e-35 -9.29812e-18 1
2.25 0 0.5 0 8.60422e-18 -2.75991e-35 -9.02057e-18 1
2.26 0 0.5 0 8.32666e-18 -2.89088e-35 -8.88179e-18 1
2.27 0 0.5 0 8.04911e-18 -3.02184e-35 -8.74301e-18 1
2.28 0 0.5 0 7.77155e-18 -3.1528e-35 -8.60423e-18 1
2.29 0 0.5 0 7.63277e-18 -3.05651e-35 -8.32668e-18 1
2.3 0 0.5 0 7.35522e-18 -3.1817e-35 -8.18791e-18 1
2.31 0 0.5 0 7.07766e-18 -3.30689e-35 -8.04913e-18 1
2.32 0 0.5 0 6.8001e-18 -3.43207e-35 -7.91035e-18 1
2.33 0 0.5 0 6.66132e-18 -3.35312e-35 -7.6328e-18 1
2.34 0 0.5 0 6.38377e-18 -3.47252e-35 -7.49402e-18 1
2.35 0 0.5 0 6.10621e-18 -3.59193e-35 -7.35524e-18 1
2.36 0 0.5 0 5.82865e-18 -3.71134e-35 -7.21646e-18 1
2.37 0 0.5 0 5.68987e-18 -3.64972e-35 -6.93891e-18 1
2.38 0 0.5 0 5.41232e-18 -3.76335e-35 -6.80013e-18 1
2.39 0 0.5 0 5.13476e-18 -3.87698e-35 -6.66136e-18 1
2.4 0 0.5 0 4.8572e-18 -3.99061e-35 -6.52258e-18 1
2.41 0 0.5 0 4.71842e-18 -3.94632e-35 -6.24503e-18 1
2.42 0 0.5 0 4.44087e-18 -4.05417e-35 -6.10625e-18 1
2.43 0 0.5 0 4.16331e-18 -4.16202e-35 -5.96747e-18 1
2.44 0 0.5 0 3.88576e-18 -4.26988e-35 -5.82869e-18 1
2.45 0 0.5 0 3.74697e-18 -4.24292e-35 -5.55114e-18 1
2.46 0 0.5 0 3.46942e-18 -4.345e-35 -5.41236e-18 1
2.47 0 0.5 0 3.19186e-18 -4.44707e-35 -5.27359e-18 1
2.48 0 0.5 0 2.91431e-18 -4.54915e-35 -5.13481e-18 1
2.49 0 0.5 0 2.77552e-18 -4.53952e-35 -4.85726e-18 1
2.5 0 0.5 0 2.49797e-18 -4.63582e-35 -4.71848e-18 1
2.51 0 0.5 0 2.22041e-18 -4.73212e-35 -4.5797e-18 1
2.52 0 0.5 0 1.94286e-18 -4.82841e-35 -4.44092e-18 1
2.53 0 0.5 0 1.80407e-18 -4.83612e-35 -4.16337e-18 1
2.54 0 0.5 0 1.52652e-18 -4.92664e-35 -4.02459e-18 1
2.55 0 0.5 0 1.24896e-18 -5.01716e-35 -3.88582e-18 1
2.56 0 0.5 0 9.71407e-19 -5.10768e-35 -3.74704e-18 1
2.57 0 0.5 0 8.32625e-19 -5.13272e-35 -3.46949e-18 1
2.58 0 0.5 0 5.5507e-19 -5.21747e-35 -3.33071e-18 1
2.59 0 0.5 0 2.77514e-19 -5.30221e-35 -3.19193e-18 1
2.6 0 0.5 0 -4.2005e-23 -5.38695e-35 -3.05315e-18 1
2.61 0 0.5 0 -1.38824e-19 -5.42933e-35 -2.7756e-18 1
2.62 0 0.5 0 -4.1638e-19 -5.50829e-35 -2.63682e-18 1
2.63 0 0.5 0 -6.93936e-19 -5.58726e-35 -2.49805e-18 1
2.64 0 0.5 0 -9.71491e-19 -5.66622e-35 -2.35927e-18 1
2.65 0 0.5 0 -1.11027e-18 -5.72593e-35 -2.08172e-18 1
2.66 0 0.5 0 -1.38783e-18 -5.79911e-35 -1.94294e-18 1
2.67 0 0.5 0 -1.66538e-18 -5.8723e-35 -1.80416e-18 1
2.68 0 0.5 0 -1.94294e-18 -5.94549e-35 -1.66538e-18 1
2.69 0 0.5 0 -2.08172e-18 -6.02253e-35 -1.38783e-18 1
2.7 0 0.5 0 -2.35928e-18 -6.08994e-35 -1.24905e-18 1
2.71 0 0.5 0 -2.63683e-18 -6.15735e-35 -1.11028e-18 1
2.72 0 0.5 0 -2.91439e-18 -6.22476e-35 -9.71498e-19 1
2.73 0 0.5 0 -3.05317e-18 -6.31913e-35 -6.93946e-19 1
2.74 0 0.5 0 -3.33073e-18 -6.38076e-35 -5.55168e-19 1
2.75 0 0.5 0 -3.60828e-18 -6.44239e-35 -4.1639e-19 1
2.76 0 0.5 0 -3.88584e-18 -6.50403e-35 -2.77613e-19 1
2.77 0 0.5 0 -4.02462e-18 -6.61573e-35 -6.09938e-23 1
2.78 0 0.5 0 -4.30218e-18 -6.67159e-35 1.38717e-19 1
2.79 0 0.5 0 -4.57973e-18 -6.72744e-35 2.77495e-19 1
2.8 0 0.5 0 -4.85729e-18 -6.7833e-35 4.16273e-19 1
2.81 0 0.5 0 -4.99607e-18 -6.91233e-35 6.93824e-19 1
2.82 0 0.5 0 -5.27363e-18 -6.96241e-35 8.32602e-19 1
2.83 0 0.5 0 -5.55118e-18 -7.01249e-35 9.7138e-19 1
2.84 0 0.5 0 -5.82874e-18 -7.06256e-35 1.11016e-18 1
2.85 0 0.5 0 -5.96752e-18 -7.20893e-35 1.38771e-18 1
2.86 0 0.5 0 -6.24508e-18 -7.25323e-35 1.52649e-18 1
2.87 0 0.5 0 -6.52263e-18 -7.29753e-35 1.66527e-18 1
2.88 0 0.5 0 -6.80019e-18 -7.34183e-35 1.80404e-18 1
2.89 0 0.5 0 -6.93897e-18 -7.50554e-35 2.08159e-18 1
2.9 0 0.5 0 -7.21653e-18 -7.54406e-35 2.22037e-18 1
2.91 0 0.5 0 -7.49408e-18 -7.58258e-35 2.35915e-18 1
2.92 0 0.5 0 -7.77164e-18 -7.6211e-35 2.49793e-18 1
2.93 0 0.5 0 -7.91042e-18 -7.80214e-35 2.77548e-18 1
2.94 0 0.5 0 -8.18797e-18 -7.83488e-35 2.91426e-18 1
2.95 0 0.5 0 -8.46553e-18 -7.86763e-35 3.05304e-18 1
2.96 0 0.5 0 -8.74309e-18 -7.90037e-35 3.19181e-18 1
2.97 0 0.5 0 -8.88187e-18 -8.09874e-35 3.46936e-18 1
2.98 0 0.5 0 -9.15942e-18 -8.12571e-35 3.60814e-18 1
2.99 0 0.5 0 -9.43698e-18 -8.15267e-35 3.74692e-18 1
3 0 0.5 0 -9.71454e-18 -8.17964e-35 3.8857e-18 1
3.01 0 0.5 0 -9.85332e-18 -8.39534e-35 4.16325e-18 1
3.02 0 0.5 0 -1.01309e-17 -8.41653e-35 4.30203e-18 1
3.03 0 0.5 0 -1.04084e-17 -8.43772e-35 4.44081e-18 1
3.04 0 0.5 0 -1.0686e-17 -8.45891e-35 4.57958e-18 1
3.05 0 0.5 0 -1.08248e-17 -8.69194e-35 4.85714e-18 1
3.06 0 0.5 0 -1.11023e-17 -8.70735e-35 4.99591e-18 1
3.07 0 0.5 0 -1.13799e-17 -8.72276e-35 5.13469e-18 1
3.08 0 0.5 0 -1.16574e-17 -8.73818e-35 5.27347e-18 1
3.09 0 0.5 0 -1.17962e-17 -8.98854e-35 5.55102e-18 1
3.1 0 0.5 0 -1.20738e-17 -8.99818e-35 5.6898e-18 1
3.11 0 0.5 0 -1.23513e-17 -9.00781e-35 5.82858e-18 1
3.12 0 0.5 0 -1.26289e-17 -9.01744e-35 5.96735e-18 1
3.13 0 0.5 0 -1.27677e-17 -9.28514e-35 6.24491e-18 1
3.14 0 0.5 0 -1.30452e-17 -9.289e-35 6.38368e-18 1
3.15 0 0.5 0 -1.33228e-17 -9.29286e-35 6.52246e-18 1
3.16 0 0.5 0 -1.36003e-17 -9.29671e-35 6.66124e-18 1
3.17 0 0.5 0 -1.37391e-17 -9.58175e-35 6.93879e-18 1
3.18 0 0.5 0 -1.40167e-17 -9.57982e-35 7.07757e-18 1
3.19 0 0.5 0 -1.42942e-17 -9.5779e-35 7.21635e-18 1
3.2 0 0.5 0 -1.45718e-17 -9.57598e-35 7.35512e-18 1
3.21 0 0.5 0 -1.47106e-17 -9.87835e-35 7.63268e-18 1
3.22 0 0.5 0 -1.49881e-17 -9.87065e-35 7.77145e-18 1
3.23 0 0.5 0 -1.52657e-17 -9.86295e-35 7.91023e-18 1
3.24 0 0.5 0 -1.55432e-17 -9.85525e-35 8.04901e-18 1
3.25 0 0.5 0 -1.5682e-17 -1.01749e-34 8.32656e-18 1
3.26 0 0.5 0 -1.59596e-17 -1.01615e-34 8.46534e-18 1
3.27 0 0.5 0 -1.62371e-17 -1.0148e-34 8.60412e-18 1
3.28 0 0.5 0 -1.65147e-17 -1.01345e-34 8.74289e-18 1
3.29 0 0.5 0 -1.66535e-17 -1.04716e-34 9.02045e-18 1
3.3 0 0.5 0 -1.6931e-17 -1.04523e-34 9.15922e-18 1
3.31 0 0.5 0 -1.72086e-17 -1.0433e-34 9.298e-18 1
3.32 0 0.5 0 -1.74861e-17 -1.04138e-34 9.43678e-18 1
3.33 0 0.5 0 -1.76249e-17 -1.07682e-34 9.71433e-18 1
3.34 0 0.5 0 -1.79025e-17 -1.07431e-34 9.85311e-18 1
3.35 0 0.5 0 -1.818e-17 -1.07181e-34 9.99189e-18 1
3.36 0 0.5 0 -1.84576e-17 -1.06931e-34 1.01307e-17 1
3.37 0 0.5 0 -1.85964e-17 -1.10648e-34 1.04082e-17 1
3.38 0 0.5 0 -1.88739e-17 -1.10339e-34 1.0547e-17 1
3.39 0 0.5 0 -1.91515e-17 -1.10031e-34 1.06858e-17 1
3.4 0 0.5 0 -1.9429e-17 -1.09723e-34 1.08246e-17 1
3.41 0 0.5 0 -1.95678e-17 -1.13614e-34 1.11021e-17 1
3.42 0 0.5 0 -1.98454e-17 -1.13248e-34 1.12409e-17 1
3.43 0 0.5 0 -2.01229e-17 -1.12882e-34 1.13797e-17 1
3.44 0 0.5 0 -2.04005e-17 -1.12516e-34 1.15184e-17 1
3.45 0 0.5 0 -2.05393e-17 -1.1658e-34 1.1796e-17 1
3.46 0 0.5 0 -2.08168e-17 -1.16156e-34 1.19348e-17 1
3.47 0 0.5 0 -2.10944e-17 -1.15732e-34 1.20735e-17 1
3.48 0 0.5 0 -2.13719e-17 -1.15309e-34 1.22123e-17 1
3.49 0 0.5 0 -2.15107e-17 -1.19546e-34 1.24899e-17 1
3.5 0 0.5 0 -2.17883e-17 -1.19064e-34 1.26287e-17 1
3.51 0 0.5 0 -2.20658e-17 -1.18583e-34 1.27674e-17 1
3.52 0 0.5 0 -2.23434e-17 -1.18101e-34 1.29062e-17 1
3.53 0 0.5 0 -2.24822e-17 -1.22512e-34 1.31838e-17 1
3.54 0 0.5 0 -2.27597e-17 -1.21972e-34 1.33225e-17 1
3.55 0 0.5 0 -2.30373e-17 -1.21433e-34 1.34613e-17 1
3.56 0 0.5 0 -2.33148e-17 -1.20894e-34 1.36001e-17 1
3.57 0 0.5 0 -2.34536e-17 -1.25478e-34 1.38776e-17 1
3.58 0 0.5 0 -2.37312e-17 -1.24881e-34 1.40164e-17 1
3.59 0 0.5 0 -2.40087e-17 -1.24284e-34 1.41552e-17 1
3.6 0 0.5 0 -2.42863e-17 -1.23687e-34 1.4294e-17 1
3.61 0 0.5 0 -2.44251e-17 -1.28444e-34 1.45715e-17 1
3.62 0 0.5 0 -2.47026e-17 -1.27789e-34 1.47103e-17 1
3.63 0 0.5 0 -2.49802e-17 -1.27134e-34 1.48491e-17 1
3.64 0 0.5 0 -2.52577e-17 -1.26479e-34 1.49879e-17 1
3.65 0 0.5 0 -2.53965e-17 -1.3141e-34 1.52654e-17 1
3.66 0 0.5 0 -2.56741e-17 -1.30697e-34 1.54042e-17 1
3.67 0 0.5 0 -2.59516e-17 -1.29985e-34 1.5543e-17 1
3.68 0 0.5 0 -2.62292e-17 -1.29272e-34 1.56817e-17 1
3.69 0 0.5 0 -2.6368e-17 -1.34376e-34 1.59593e-17 1
3.7 0 0.5 0 -2.66455e-17 -1.33605e-34 1.60981e-17 1
3.71 0 0.5 0 -2.69231e-17 -1.32835e-34 1.62369e-17 1
3.72 0 0.5 0 -2.72006e-17 -1.32065e-34 1.63756e-17 1
3.73 0 0.5 0 -2.73394e-17 -1.37342e-34 1.66532e-17 1
3.74 0 0.5 0 -2.7617e-17 -1.36514e-34 1.6792e-17 1
3.75 0 0.5 0 -2.78945e-17 -1.35686e-34 1.69307e-17 1
3.76 0 0.5 0 -2.81721e-17 -1.38729e-34 1.72083e-17 1
3.77 0 0.5 0 -2.84496e-17 -1.45681e-34 1.76246e-17 1
3.78 0 0.5 0 -2.8866e-17 -1.50188e-34 1.8041e-17 1
3.79 0 0.5 0 -2.92823e-17 -1.58701e-34 1.85961e-17 1
3.8 0 0.5 0 -2.98374e-17 -1.64633e-34 1.91512e-17 1
3.81 0 0.5 0 -3.03925e-17 -1.74706e-34 1.98451e-17 1
3.82 0 0.5 0 -3.10864e-17 -1.82025e-34 2.0539e-17 1
3.83 0 0.5 0 -3.17803e-17 -1.93657e-34 2.13716e-17 1
3.84 0 0.5 0 -3.2613e-17 -2.02324e-34 2.22043e-17 1
3.85 0 0.5 0 8.18773e-18 2.12053e-34 -1.84576e-17 1
3.86 0 0.5 0 7.21628e-18 2.02077e-34 -1.74862e-17 1
3.87 0 0.5 0 6.24484e-18 1.921e-34 -1.65147e-17 1
3.88 0 0.5 0 5.27339e-18 1.82123e-34 -1.55433e-17 1
3.89 0 0.5 0 4.30195e-18 1.72147e-34 -1.45718e-17 1
3.9 0 0.5 0 3.3305e-18 1.6217e-34 -1.36004e-17 1
3.91 0 0.5 0 2.35906e-18 1.52193e-34 -1.2629e-17 1
3.92 0 0.5 0 1.38761e-18 1.42217e-34 -1.16575e-17 1
3.93 0 0.5 0 4.16166e-19 1.3224e-34 -1.06861e-17 1
3.94 0 0.5 0 -5.55279e-19 1.22263e-34 -9.71462e-18 1
3.95 0 0.5 0 -1.52672e-18 1.12287e-34 -8.74317e-18 1
3.96 0 0.5 0 -2.49817e-18 1.0231e-34 -7.77173e-18 1
3.97 0 0.5 0 -3.46961e-18 9.23335e-35 -6.80028e-18 1
3.98 0 0.5 0 -4.44106e-18 8.23569e-35 -5.82884e-18 1
3.99 0 0.5 0 -5.4125e-18 7.23802e-35 -4.85739e-18 1
4 0 0.5 0 -6.38395e-18 6.24036e-35 -3.88595e-18 1
4.01 0 0.5 0 -7.35539e-18 5.24269e-35 -2.9145e-18 1
4.02 0 0.5 0 -8.32684e-18 4.24503e-35 -1.94306e-18 1
4.03 0 0.5 0 -9.29829e-18 3.24737e-35 -9.71612e-19 1
4.04 0 0.5 0 -1.02697e-17 2.2497e-35 -1.66869e-22 1
4.05 0 0.5 0 -1.12412e-17 1.25204e-35 9.71278e-19 1
4.06 0 0.5 0 -1.22126e-17 2.54374e-36 1.94272e-18 1
4.07 0 0.5 0 -1.31841e-17 -7.4329e-36 2.91417e-18 1
4.08 0 0.5 0 -1.41555e-17 -1.74095e-35 3.88561e-18 1
4.09 0 0.5 0 -1.5127e-17 -2.73862e-35 4.85706e-18 1
4.1 0 0.5 0 -1.60984e-17 -3.73628e-35 5.8285e-18 1
4.11 0 0.5 0 -1.70698e-17 -4.73395e-35 6.79995e-18 1
4.12 0 0.5 0 -1.80413e-17 -5.73161e-35 7.77139e-18 1
4.13 0 0.5 0 -1.90127e-17 -6.72928e-35 8.74284e-18 1
4.14 0 0.5 0 -1.99842e-17 -7.72694e-35 9.71428e-18 1
4.15 0 0.5 0 -2.09556e-17 -8.7246e-35 1.06857e-17 1
4.16 0 0.5 0 -2.19271e-17 -9.72227e-35 1.16572e-17 1
4.17 0 0.5 0 -2.28985e-17 -1.07199e-34 1.26286e-17 1
4.18 0 0.5 0 -2.387e-17 -1.17176e-34 1.36001e-17 1
4.19 0 0.5 0 -2.48414e-17 -1.27153e-34 1.45715e-17 1
4.2 0 0.5 0 -2.58129e-17 -1.37129e-34 1.5543e-17 1
4.21 0 0.5 0 -2.67843e-17 -1.47106e-34 1.65144e-17 1
4.22 0 0.5 0 -2.77557e-17 -1.57083e-34 1.74858e-17 1
4.23 0 0.5 0 -2.85884e-17 -1.77189e-34 1.87348e-17 1
4.24 0 0.5 0 -2.95599e-17 -1.94696e-34 1.99838e-17 1
4.25 0 0.5 0 -3.06701e-17 -2.0943e-34 2.12328e-17 1
4.26 0 0.5 0 -3.17803e-17 -2.24164e-34 2.24818e-17 1
4.27 0 0.5 0 8.74284e-18 1.32262e-34 -1.77637e-17 1
4.28 0 0.5 0 7.49383e-18 1.22209e-34 -1.6376e-17 1
4.29 0 0.5 0 6.10606e-18 1.08842e-34 -1.5127e-17 1
4.3 0 0.5 0 4.71828e-18 9.54759e-35 -1.3878e-17 1
4.31 0 0.5 0 3.3305e-18 8.21095e-35 -1.2629e-17 1
4.32 0 0.5 0 1.94272e-18 6.87431e-35 -1.138e-17 1
4.33 0 0.5 0 6.93719e-19 5.72255e-35 -9.99218e-18 1
4.34 0 0.5 0 -6.9406e-19 4.4225e-35 -8.74318e-18 1
4.35 0 0.5 0 -2.08184e-18 3.12246e-35 -7.49418e-18 1
4.36 0 0.5 0 -3.46962e-18 1.82241e-35 -6.24518e-18 1
4.37 0 0.5 0 -4.71862e-18 5.60876e-36 -4.8574e-18 1
4.38 0 0.5 0 -6.1064e-18 -7.02581e-36 -3.6084e-18 1
4.39 0 0.5 0 -7.49418e-18 -1.96604e-35 -2.3594e-18 1
4.4 0 0.5 0 -8.88196e-18 -3.22949e-35 -1.1104e-18 1
4.41 0 0.5 0 -1.0131e-17 -4.6008e-35 2.77374e-19 1
4.42 0 0.5 0 -1.15187e-17 -5.82767e-35 1.52638e-18 1
4.43 0 0.5 0 -1.29065e-17 -7.05453e-35 2.77538e-18 1
4.44 0 0.5 0 -1.42943e-17 -8.28139e-35 4.02438e-18 1
4.45 0 0.5 0 -1.55433e-17 -9.76248e-35 5.41215e-18 1
4.46 0 0.5 0 -1.69311e-17 -1.09527e-34 6.66115e-18 1
4.47 0 0.5 0 -1.83189e-17 -1.2143e-34 7.91015e-18 1
4.48 0 0.5 0 -1.97066e-17 -1.33333e-34 9.15915e-18 1
4.49 0 0.5 0 -2.09556e-17 -1.49242e-34 1.05469e-17 1
4.5 0 0.5 0 -2.23434e-17 -1.60778e-34 1.17959e-17 1
4.51 0 0.5 0 -2.37312e-17 -1.72315e-34 1.30449e-17 1
4.52 0 0.5 0 -2.5119e-17 -1.83852e-34 1.42939e-17 1
4.53 0 0.5 0 -2.6368e-17 -2.00858e-34 1.56817e-17 1
4.54 0 0.5 0 -2.77558e-17 -2.12029e-34 1.69307e-17 1
4.55 0 0.5 0 -2.91435e-17 -2.27052e-34 1.83185e-17 1
4.56 0 0.5 0 -3.05313e-17 -2.46119e-34 1.9845e-17 1
4.57 0 0.5 0 -3.19191e-17 -2.65187e-34 2.13716e-17 1
4.58 0 0.5 0 -3.33069e-17 -2.84254e-34 2.28982e-17 1
4.59 0 0.5 0 6.9387e-18 1.13852e-34 -1.70699e-17 1
4.6 0 0.5 0 5.41214e-18 9.93487e-35 -1.54045e-17 1
4.61 0 0.5 0 3.88559e-18 8.48459e-35 -1.37392e-17 1
4.62 0 0.5 0 2.35903e-18 7.0343e-35 -1.20739e-17 1
4.63 0 0.5 0 6.93699e-19 5.38372e-35 -1.05473e-17 1
4.64 0 0.5 0 -9.71636e-19 3.73314e-35 -9.02075e-18 1
4.65 0 0.5 0 -2.63697e-18 2.08256e-35 -7.4942e-18 1
4.66 0 0.5 0 -4.3023e-18 4.31974e-36 -5.96764e-18 1
4.67 0 0.5 0 -5.82887e-18 -1.1955e-35 -4.30231e-18 1
4.68 0 0.5 0 -7.4942e-18 -2.80179e-35 -2.77575e-18 1
4.69 0 0.5 0 -9.15953e-18 -4.40808e-35 -1.2492e-18 1
4.7 0 0.5 0 -1.08249e-17 -6.01436e-35 2.7736e-19 1
4.71 0 0.5 0 -1.23514e-17 -7.77472e-35 1.94269e-18 1
4.72 0 0.5 0 -1.40168e-17 -9.33672e-35 3.46925e-18 1
4.73 0 0.5 0 -1.56821e-17 -1.08987e-34 4.9958e-18 1
4.74 0 0.5 0 -1.73474e-17 -1.24607e-34 6.52236e-18 1
4.75 0 0.5 0 -1.8874e-17 -1.43539e-34 8.18769e-18 1
4.76 0 0.5 0 -2.05393e-17 -1.58716e-34 9.71425e-18 1
4.77 0 0.5 0 -2.22047e-17 -1.73893e-34 1.12408e-17 1
4.78 0 0.5 0 -2.387e-17 -1.8907e-34 1.27674e-17 1
4.79 0 0.5 0 -2.53966e-17 -2.09332e-34 1.44327e-17 1
4.8 0 0.5 0 -2.70619e-17 -2.24066e-34 1.59592e-17 1
4.81 0 0.5 0 -2.87272e-17 -2.388e-34 1.74858e-17 1
4.82 0 0.5 0 -3.03926e-17 -2.57521e-34 1.91511e-17 1
4.83 0 0.5 0 -3.20579e-17 -2.80459e-34 2.09553e-17 1
4.84 0 0.5 0 -3.3862e-17 -3.0049e-34 2.27594e-17 1
4.85 0 0.5 0 5.96724e-18 1.31244e-34 -1.69311e-17 1
4.86 0 0.5 0 4.16313e-18 1.12292e-34 -1.49882e-17 1
4.87 0 0.5 0 2.35901e-18 9.33399e-35 -1.30453e-17 1
4.88 0 0.5 0 5.54901e-19 7.4388e-35 -1.11024e-17 1
4.89 0 0.5 0 -1.38799e-18 5.38183e-35 -9.29832e-18 1
4.9 0 0.5 0 -3.33088e-18 3.32486e-35 -7.49421e-18 1
4.91 0 0.5 0 -5.27377e-18 1.26789e-35 -5.6901e-18 1
4.92 0 0.5 0 -7.21666e-18 -7.8908e-36 -3.88599e-18 1
4.93 0 0.5 0 -9.02077e-18 -2.89227e-35 -1.9431e-18 1
4.94 0 0.5 0 -1.09637e-17 -4.89725e-35 -1.38988e-19 1
4.95 0 0.5 0 -1.29066e-17 -6.90222e-35 1.66512e-18 1
4.96 0 0.5 0 -1.48494e-17 -8.90719e-35 3.46924e-18 1
4.97 0 0.5 0 -1.66536e-17 -1.11664e-34 5.41212e-18 1
4.98 0 0.5 0 -1.85965e-17 -1.31194e-34 7.21624e-18 1
4.99 0 0.5 0 -2.05393e-17 -1.50723e-34 9.02035e-18 1
5 0 0.5 0 -2.24822e-17 -1.70253e-34 1.08245e-17 1
5.01 0 0.5 0 -2.42863e-17 -1.94405e-34 1.27673e-17 1
5.02 0 0.5 0 -2.62292e-17 -2.13415e-34 1.45715e-17 1
5.03 0 0.5 0 -2.81721e-17 -2.32424e-34 1.63756e-17 1
5.04 0 0.5 0 -3.0115e-17 -2.55344e-34 1.83185e-17 1
5.05 0 0.5 0 -3.20579e-17 -2.82443e-34 2.04001e-17 1
5.06 0 0.5 0 -3.41396e-17 -3.0671e-34 2.24818e-17 1
5.07 0 0.5 0 5.41211e-18 1.43859e-34 -1.69311e-17 1
5.08 0 0.5 0 3.33045e-18 1.20632e-34 -1.47107e-17 1
5.09 0 0.5 0 1.24878e-18 9.74042e-35 -1.24902e-17 1
5.1 0 0.5 0 -8.3289e-19 7.41765e-35 -1.02698e-17 1
5.11 0 0.5 0 -3.05333e-18 4.96392e-35 -8.18811e-18 1
5.12 0 0.5 0 -5.27378e-18 2.5102e-35 -6.10644e-18 1
5.13 0 0.5 0 -7.49422e-18 5.64683e-37 -4.02477e-18 1
5.14 0 0.5 0 -9.71467e-18 -2.39726e-35 -1.94311e-18 1
5.15 0 0.5 0 -1.17963e-17 -4.95884e-35 2.77335e-19 1
5.16 0 0.5 0 -1.40168e-17 -7.35287e-35 2.359e-18 1
5.17 0 0.5 0 -1.62372e-17 -9.74689e-35 4.44067e-18 1
5.18 0 0.5 0 -1.84577e-17 -1.21409e-34 6.52234e-18 1
5.19 0 0.5 0 -2.05394e-17 -1.48816e-34 8.74278e-18 1
5.2 0 0.5 0 -2.27598e-17 -1.72159e-34 1.08244e-17 1
5.21 0 0.5 0 -2.49802e-17 -1.95503e-34 1.29061e-17 1
5.22 0 0.5 0 -2.72007e-17 -2.18846e-34 1.49878e-17 1
5.23 0 0.5 0 -2.92824e-17 -2.48044e-34 1.72082e-17 1
5.24 0 0.5 0 -3.1364e-17 -2.77242e-34 1.94287e-17 1
5.25 0 0.5 0 -3.34457e-17 -3.10793e-34 2.17879e-17 1
5.26 0 0.5 0 -3.56661e-17 -3.4132e-34 2.41471e-17 1
5.27 0 0.5 0 3.74677e-18 1.01951e-34 -1.5127e-17 1
5.28 0 0.5 0 1.52632e-18 7.7722e-35 -1.2629e-17 1
5.29 0 0.5 0 -9.71671e-19 4.9564e-35 -1.04086e-17 1
5.3 0 0.5 0 -3.46967e-18 2.14058e-35 -8.18811e-18 1
5.31 0 0.5 0 -5.8289e-18 -6.09753e-36 -5.82889e-18 1
5.32 0 0.5 0 -8.18812e-18 -3.36009e-35 -3.46967e-18 1
5.33 0 0.5 0 -1.05473e-17 -6.11042e-35 -1.11045e-18 1
5.34 0 0.5 0 -1.29066e-17 -8.86076e-35 1.24878e-18 1
5.35 0 0.5 0 -1.52658e-17 -1.16111e-34 3.608e-18 1
5.36 0 0.5 0 -1.7625e-17 -1.43614e-34 5.96723e-18 1
5.37 0 0.5 0 -1.99842e-17 -1.71118e-34 8.32645e-18 1
5.38 0 0.5 0 -2.23435e-17 -1.98621e-34 1.06857e-17 1
5.39 0 0.5 0 -2.47027e-17 -2.26124e-34 1.30449e-17 1
5.4 0 0.5 0 -2.70619e-17 -2.53628e-34 1.54041e-17 1
5.41 0 0.5 0 -2.94211e-17 -2.81131e-34 1.77633e-17 1
5.42 0 0.5 0 -3.17804e-17 -3.12717e-34 2.02614e-17 1
5.43 0 0.5 0 7.49377e-18 1.29494e-34 -1.8874e-17 1
5.44 0 0.5 0 5.13455e-18 1.03685e-34 -1.6376e-17 1
5.45 0 0.5 0 2.77532e-18 7.78766e-35 -1.3878e-17 1
5.46 0 0.5 0 4.161e-19 5.20681e-35 -1.138e-17 1
5.47 0 0.5 0 -2.0819e-18 2.46225e-35 -9.02078e-18 1
5.48 0 0.5 0 -4.5799e-18 -2.82303e-36 -6.66155e-18 1
5.49 0 0.5 0 -7.0779e-18 -3.02686e-35 -4.30233e-18 1
5.5 0 0.5 0 -9.5759e-18 -5.77142e-35 -1.94311e-18 1
5.51 0 0.5 0 -1.19351e-17 -8.6219e-35 5.54892e-19 1
5.52 0 0.5 0 -1.44331e-17 -1.12991e-34 2.91412e-18 1
5.53 0 0.5 0 -1.69311e-17 -1.39762e-34 5.27334e-18 1
5.54 0 0.5 0 -1.94291e-17 -1.66534e-34 7.63256e-18 1
5.55 0 0.5 0 -2.17884e-17 -1.97061e-34 1.01306e-17 1
5.56 0 0.5 0 -2.42864e-17 -2.23158e-34 1.24898e-17 1
5.57 0 0.5 0 -2.67844e-17 -2.49256e-34 1.4849e-17 1
5.58 0 0.5 0 -2.92824e-17 -2.75353e-34 1.72082e-17 1
5.59 0 0.5 0 -3.15028e-17 -3.18418e-34 1.99838e-17 1
5.6 0 0.5 0 -3.3862e-17 -3.58709e-34 2.27593e-17 1
5.61 0 0.5 0 5.27331e-18 5.48449e-35 -1.60985e-17 1
5.62 0 0.5 0 2.63653e-18 2.70332e-35 -1.33229e-17 1
5.63 0 0.5 0 -2.45082e-22 -7.78547e-37 -1.05474e-17 1
5.64 0 0.5 0 -2.63702e-18 -2.85903e-35 -7.77179e-18 1
5.65 0 0.5 0 -5.41258e-18 -5.71145e-35 -5.13501e-18 1
5.66 0 0.5 0 -8.18814e-18 -8.56388e-35 -2.49823e-18 1
5.67 0 0.5 0 -1.09637e-17 -1.14163e-34 1.38549e-19 1
5.68 0 0.5 0 -1.37393e-17 -1.42687e-34 2.77533e-18 1
5.69 0 0.5 0 -1.6376e-17 -1.73504e-34 5.55088e-18 1
5.7 0 0.5 0 -1.91516e-17 -2.01277e-34 8.18766e-18 1
5.71 0 0.5 0 -2.19271e-17 -2.2905e-34 1.08244e-17 1
5.72 0 0.5 0 -2.47027e-17 -2.56823e-34 1.34612e-17 1
5.73 0 0.5 0 -2.73395e-17 -2.89893e-34 1.62368e-17 1
5.74 0 0.5 0 -3.0115e-17 -3.16915e-34 1.88736e-17 1
5.75 0 0.5 0 -3.28906e-17 -3.48116e-34 2.16491e-17 1
5.76 0 0.5 0 -3.56662e-17 -3.83882e-34 2.45634e-17 1
5.77 0 0.5 0 3.19164e-18 3.68179e-35 -1.41556e-17 1
5.78 0 0.5 0 4.16081e-19 7.27274e-36 -1.11025e-17 1
5.79 0 0.5 0 -2.63702e-18 -2.54693e-35 -8.3269e-18 1
5.8 0 0.5 0 -5.69014e-18 -5.82115e-35 -5.55134e-18 1
5.81 0 0.5 0 -8.60448e-18 -9.0973e-35 -2.63701e-18 1
5.82 0 0.5 0 -1.15188e-17 -1.23734e-34 2.77322e-19 1
5.83 0 0.5 0 -1.44331e-17 -1.56496e-34 3.19166e-18 1
5.84 0 0.5 0 -1.73475e-17 -1.89257e-34 6.10599e-18 1
5.85 0 0.5 0 -2.02618e-17 -2.22019e-34 9.02033e-18 1
5.86 0 0.5 0 -2.31762e-17 -2.5478e-34 1.19347e-17 1
5.87 0 0.5 0 -2.60905e-17 -2.87542e-34 1.4849e-17 1
5.88 0 0.5 0 -2.90048e-17 -3.20303e-34 1.77633e-17 1
5.89 0 0.5 0 -3.17804e-17 -3.6358e-34 2.09552e-17 1
5.9 0 0.5 0 -3.46947e-17 -4.03949e-34 2.41471e-17 1
5.91 0 0.5 0 3.88553e-18 -7.61261e-36 -1.42944e-17 1
5.92 0 0.5 0 8.32416e-19 -3.83135e-35 -1.09637e-17 1
5.93 0 0.5 0 -2.49825e-18 -7.22883e-35 -7.91057e-18 1
5.94 0 0.5 0 -5.82891e-18 -1.06263e-34 -4.85746e-18 1
5.95 0 0.5 0 -9.02081e-18 -1.40373e-34 -1.66557e-18 1
5.96 0 0.5 0 -1.22127e-17 -1.74483e-34 1.52632e-18 1
5.97 0 0.5 0 -1.54046e-17 -2.08593e-34 4.71821e-18 1
5.98 0 0.5 0 -1.85965e-17 -2.42702e-34 7.9101e-18 1
5.99 0 0.5 0 -2.17884e-17 -2.76812e-34 1.1102e-17 1
6 0 0.5 0 -2.49803e-17 -3.10922e-34 1.42939e-17 1
6.01 0 0.5 0 -2.81722e-17 -3.45032e-34 1.74858e-17 1
6.02 0 0.5 0 -3.1364e-17 -3.83051e-34 2.08165e-17 1
6.03 0 0.5 0 7.07742e-18 1.22838e-35 -1.74862e-17 1
6.04 0 0.5 0 3.88553e-18 -1.99579e-35 -1.41556e-17 1
6.05 0 0.5 0 6.93639e-19 -5.21995e-35 -1.08249e-17 1
6.06 0 0.5 0 -2.49825e-18 -8.44411e-35 -7.49424e-18 1
6.07 0 0.5 0 -5.82892e-18 -1.17376e-34 -4.30234e-18 1
6.08 0 0.5 0 -9.15959e-18 -1.50311e-34 -1.11045e-18 1
6.09 0 0.5 0 -1.24903e-17 -1.83246e-34 2.08144e-18 1
6.1 0 0.5 0 -1.58209e-17 -2.16181e-34 5.27333e-18 1
6.11 0 0.5 0 -1.90128e-17 -2.52043e-34 8.604e-18 1
6.12 0 0.5 0 -2.23435e-17 -2.84073e-34 1.17959e-17 1
6.13 0 0.5 0 -2.56742e-17 -3.16103e-34 1.49878e-17 1
6.14 0 0.5 0 -2.90048e-17 -3.48133e-34 1.81797e-17 1
6.15 0 0.5 0 -3.20579e-17 -3.97284e-34 2.17879e-17 1
6.16 0 0.5 0 -3.52498e-17 -4.43411e-34 2.53961e-17 1
6.17 0 0.5 0 3.05286e-18 -8.73265e-35 -1.2629e-17 1
6.18 0 0.5 0 -4.16585e-19 -1.20127e-34 -9.02081e-18 1
6.19 0 0.5 0 -3.88603e-18 -1.52927e-34 -5.41258e-18 1
6.2 0 0.5 0 -7.35548e-18 -1.85728e-34 -1.80436e-18 1
6.21 0 0.5 0 -1.09637e-17 -2.17757e-34 1.66509e-18 1
6.22 0 0.5 0 -1.45719e-17 -2.49787e-34 5.13454e-18 1
6.23 0 0.5 0 -1.81801e-17 -2.81817e-34 8.60399e-18 1
6.24 0 0.5 0 -2.17884e-17 -3.13847e-34 1.20734e-17 1
6.25 0 0.5 0 -2.52578e-17 -3.50576e-34 1.56817e-17 1
6.26 0 0.5 0 -2.88661e-17 -3.81624e-34 1.91511e-17 1
6.27 0 0.5 0 -3.24743e-17 -4.16678e-34 2.27593e-17 1
6.28 0 0.5 0 -3.60825e-17 -4.56238e-34 2.65063e-17 1
6.29 0 0.5 0 1.94264e-18 -1.02888e-34 -1.138e-17 1
6.3 0 0.5 0 -1.80436e-18 -1.37981e-34 -7.49425e-18 1
6.31 0 0.5 0 -5.69014e-18 -1.73863e-34 -3.74725e-18 1
6.32 0 0.5 0 -9.57592e-18 -2.09744e-34 -2.44184e-22 1
6.33 0 0.5 0 -1.34617e-17 -2.45626e-34 3.74676e-18 1
6.34 0 0.5 0 -1.73475e-17 -2.81508e-34 7.49376e-18 1
6.35 0 0.5 0 -2.10945e-17 -3.20838e-34 1.13795e-17 1
6.36 0 0.5 0 -2.49803e-17 -3.5566e-34 1.51265e-17 1
6.37 0 0.5 0 -2.8866e-17 -3.90483e-34 1.88735e-17 1
6.38 0 0.5 0 -3.27518e-17 -4.29312e-34 2.27593e-17 1
6.39 0 0.5 0 4.99575e-18 -6.24417e-35 -1.48495e-17 1
6.4 0 0.5 0 1.10997e-18 -1.00038e-34 -1.08249e-17 1
6.41 0 0.5 0 -2.77581e-18 -1.37634e-34 -6.80037e-18 1
6.42 0 0.5 0 -6.66159e-18 -1.7523e-34 -2.77581e-18 1
6.43 0 0.5 0 -1.06861e-17 -2.12287e-34 1.10998e-18 1
6.44 0 0.5 0 -1.47107e-17 -2.49344e-34 4.99576e-18 1
6.45 0 0.5 0 -1.87353e-17 -2.86401e-34 8.88154e-18 1
6.46 0 0.5 0 -2.27598e-17 -3.23458e-34 1.27673e-17 1
6.47 0 0.5 0 -2.66456e-17 -3.65445e-34 1.67919e-17 1
6.48 0 0.5 0 -3.06702e-17 -4.01404e-34 2.06777e-17 1
6.49 0 0.5 0 6.93864e-18 -2.5597e-35 -1.69312e-17 1
6.5 0 0.5 0 2.91408e-18 -6.48496e-35 -1.27678e-17 1
6.51 0 0.5 0 -1.24925e-18 -1.06278e-34 -8.74326e-18 1
6.52 0 0.5 0 -5.41259e-18 -1.47707e-34 -4.7187e-18 1
6.53 0 0.5 0 -9.57592e-18 -1.89136e-34 -6.94139e-19 1
6.54 0 0.5 0 -1.37393e-17 -2.30565e-34 3.33042e-18 1
6.55 0 0.5 0 -1.77638e-17 -2.74362e-34 7.49375e-18 1
6.56 0 0.5 0 -2.19272e-17 -3.14655e-34 1.15183e-17 1
6.57 0 0.5 0 -2.60905e-17 -3.54947e-34 1.55429e-17 1
6.58 0 0.5 0 -3.02538e-17 -3.9524e-34 1.95674e-17 1
6.59 0 0.5 0 7.49374e-18 -3.1758e-35 -1.76251e-17 1
6.6 0 0.5 0 3.46918e-18 -6.94122e-35 -1.31842e-17 1
6.61 0 0.5 0 -6.94151e-19 -1.09377e-34 -8.88205e-18 1
6.62 0 0.5 0 -4.85749e-18 -1.49343e-34 -4.57993e-18 1
6.63 0 0.5 0 -9.1596e-18 -1.89269e-34 -4.16592e-19 1
6.64 0 0.5 0 -1.34617e-17 -2.29196e-34 3.74674e-18 1
6.65 0 0.5 0 -1.77638e-17 -2.69123e-34 7.91008e-18 1
6.66 0 0.5 0 -2.20659e-17 -3.09049e-34 1.20734e-17 1
6.67 0 0.5 0 -2.62293e-17 -3.53714e-34 1.63755e-17 1
6.68 0 0.5 0 -3.05314e-17 -3.92466e-34 2.05389e-17 1
6.69 0 0.5 0 6.79985e-18 -1.94318e-35 -1.67924e-17 1
6.7 0 0.5 0 2.49774e-18 -6.14771e-35 -1.23515e-17 1
6.71 0 0.5 0 -1.94315e-18 -1.05583e-34 -8.04938e-18 1
6.72 0 0.5 0 -6.38404e-18 -1.49689e-34 -3.74727e-18 1
6.73 0 0.5 0 -1.08249e-17 -1.93795e-34 5.54849e-19 1
6.74 0 0.5 0 -1.52658e-17 -2.37901e-34 4.85696e-18 1
6.75 0 0.5 0 -1.95679e-17 -2.848e-34 9.29785e-18 1
6.76 0 0.5 0 -2.40088e-17 -3.27693e-34 1.36e-17 1
6.77 0 0.5 0 -2.84497e-17 -3.70586e-34 1.79021e-17 1
6.78 0 0.5 0 -3.28906e-17 -4.17427e-34 2.2343e-17 1
6.79 0 0.5 0 4.30185e-18 -3.54755e-35 -1.47107e-17 1
6.8 0 0.5 0 -2.77824e-19 -8.31447e-35 -1.01311e-17 1
6.81 0 0.5 0 -4.85749e-18 -1.30814e-34 -5.55138e-18 1
6.82 0 0.5 0 -9.43716e-18 -1.78483e-34 -9.71713e-19 1
6.83 0 0.5 0 -1.40168e-17 -2.26152e-34 3.60796e-18 1
6.84 0 0.5 0 -1.85965e-17 -2.73822e-34 8.18763e-18 1
6.85 0 0.5 0 -2.31762e-17 -3.21491e-34 1.27673e-17 1
6.86 0 0.5 0 -2.77558e-17 -3.6916e-34 1.7347e-17 1
6.87 0 0.5 0 -3.21967e-17 -4.2694e-34 2.22042e-17 1
6.88 0 0.5 0 -3.67764e-17 -4.81639e-34 2.70614e-17 1
6.89 0 0.5 0 1.38513e-19 -1.33893e-34 -9.71473e-18 1
6.9 0 0.5 0 -4.71871e-18 -1.80387e-34 -4.71872e-18 1
6.91 0 0.5 0 -9.71471e-18 -2.26882e-34 1.38506e-19 1
6.92 0 0.5 0 -1.47107e-17 -2.73377e-34 4.99573e-18 1
6.93 0 0.5 0 -1.97067e-17 -3.19871e-34 9.85296e-18 1
6.94 0 0.5 0 -2.47027e-17 -3.66366e-34 1.47102e-17 1
6.95 0 0.5 0 -2.956e-17 -4.1833e-34 1.97062e-17 1
6.96 0 0.5 0 -3.44172e-17 -4.70294e-34 2.47022e-17 1
6.97 0 0.5 0 2.35896e-18 -1.34122e-34 -1.17964e-17 1
6.98 0 0.5 0 -2.63704e-18 -1.80944e-34 -6.66162e-18 1
6.99 0 0.5 0 -7.63305e-18 -2.27766e-34 -1.52684e-18 1
7 0 0.5 0 -1.2629e-17 -2.74589e-34 3.60794e-18 1
7.01 0 0.5 0 -1.77638e-17 -3.19157e-34 8.60395e-18 1
7.02 0 0.5 0 -2.28986e-17 -3.63726e-34 1.36e-17 1
7.03 0 0.5 0 -2.80334e-17 -4.08295e-34 1.8596e-17 1
7.04 0 0.5 0 -3.31682e-17 -4.56754e-34 2.37307e-17 1
7.05 0 0.5 0 3.33041e-18 -1.22682e-34 -1.26291e-17 1
7.06 0 0.5 0 -1.80437e-18 -1.69966e-34 -7.35551e-18 1
7.07 0 0.5 0 -7.07792e-18 -2.18021e-34 -2.22072e-18 1
7.08 0 0.5 0 -1.23515e-17 -2.66076e-34 2.91406e-18 1
7.09 0 0.5 0 -1.7625e-17 -3.1413e-34 8.04884e-18 1
7.1 0 0.5 0 -2.28986e-17 -3.62185e-34 1.31836e-17 1
7.11 0 0.5 0 -2.80334e-17 -4.15247e-34 1.84572e-17 1
7.12 0 0.5 0 -3.31682e-17 -4.68309e-34 2.37307e-17 1
7.13 0 0.5 0 3.33042e-18 -1.44618e-34 -1.24903e-17 1
7.14 0 0.5 0 -1.94314e-18 -1.92461e-34 -7.07796e-18 1
7.15 0 0.5 0 -7.2167e-18 -2.40304e-34 -1.66562e-18 1
7.16 0 0.5 0 -1.24903e-17 -2.88147e-34 3.74672e-18 1
7.17 0 0.5 0 -1.79026e-17 -3.33736e-34 9.02028e-18 1
7.18 0 0.5 0 -2.33149e-17 -3.79326e-34 1.42938e-17 1
7.19 0 0.5 0 -2.87273e-17 -4.24915e-34 1.95674e-17 1
7.2 0 0.5 0 -3.41396e-17 -4.74492e-34 2.49797e-17 1
7.21 0 0.5 0 2.08142e-18 -1.53227e-34 -1.11025e-17 1
7.22 0 0.5 0 -3.33091e-18 -2.01764e-34 -5.5514e-18 1
7.23 0 0.5 0 -8.88202e-18 -2.50608e-34 -1.39058e-19 1
7.24 0 0.5 0 -1.44331e-17 -2.99453e-34 5.27328e-18 1
7.25 0 0.5 0 -1.99843e-17 -3.48297e-34 1.06856e-17 1
7.26 0 0.5 0 -2.55354e-17 -3.97141e-34 1.6098e-17 1
7.27 0 0.5 0 -3.09477e-17 -4.51764e-34 2.16491e-17 1
7.28 0 0.5 0 -3.636e-17 -5.06386e-34 2.72002e-17 1
7.29 0 0.5 0 -1.39018e-19 -1.96253e-34 -8.7433e-18 1
7.3 0 0.5 0 -5.69013e-18 -2.45579e-34 -3.0534e-18 1
7.31 0 0.5 0 -1.12412e-17 -2.94905e-34 2.63649e-18 1
7.32 0 0.5 0 -1.67924e-17 -3.44231e-34 8.32638e-18 1
7.33 0 0.5 0 -2.24823e-17 -3.90072e-34 1.38775e-17 1
7.34 0 0.5 0 -2.81721e-17 -4.35912e-34 1.94286e-17 1
7.35 0 0.5 0 7.77132e-18 -1.21639e-34 -1.65149e-17 1
7.36 0 0.5 0 2.08143e-18 -1.7031e-34 -1.06862e-17 1
7.37 0 0.5 0 -3.74724e-18 -2.20753e-34 -4.99629e-18 1
7.38 0 0.5 0 -9.57591e-18 -2.71196e-34 6.93605e-19 1
7.39 0 0.5 0 -1.54046e-17 -3.21639e-34 6.3835e-18 1
7.4 0 0.5 0 -2.12333e-17 -3.72082e-34 1.20734e-17 1
7.41 0 0.5 0 -2.69231e-17 -4.27148e-34 1.79021e-17 1
7.42 0 0.5 0 -3.27518e-17 -4.75992e-34 2.3592e-17 1
7.43 0 0.5 0 3.05288e-18 -1.48026e-34 -1.22127e-17 1
7.44 0 0.5 0 -2.77579e-18 -2.00992e-34 -6.2453e-18 1
7.45 0 0.5 0 -8.74324e-18 -2.54439e-34 -4.16626e-19 1
7.46 0 0.5 0 -1.47107e-17 -3.07887e-34 5.41205e-18 1
7.47 0 0.5 0 -2.06781e-17 -3.61335e-34 1.12407e-17 1
7.48 0 0.5 0 -2.66456e-17 -4.14782e-34 1.70694e-17 1
7.49 0 0.5 0 -3.24743e-17 -4.74297e-34 2.30368e-17 1
7.5 0 0.5 0 -3.83029e-17 -5.33811e-34 2.90043e-17 1
7.51 0 0.5 0 -2.63701e-18 -2.1326e-34 -6.52286e-18 1
7.52 0 0.5 0 -8.60446e-18 -2.68287e-34 -4.16634e-19 1
7.53 0 0.5 0 -1.47107e-17 -3.22177e-34 5.55082e-18 1
7.54 0 0.5 0 -2.08169e-17 -3.76068e-34 1.15183e-17 1
7.55 0 0.5 0 -2.69231e-17 -4.29959e-34 1.74857e-17 1
7.56 0 0.5 0 -3.30294e-17 -4.83849e-34 2.34532e-17 1
7.57 0 0.5 0 2.77533e-18 -1.82421e-34 -1.17964e-17 1
7.58 0 0.5 0 -3.3309e-18 -2.37121e-34 -5.55143e-18 1
7.59 0 0.5 0 -9.5759e-18 -2.92129e-34 5.54803e-19 1
7.6 0 0.5 0 -1.58209e-17 -3.47137e-34 6.66103e-18 1
7.61 0 0.5 0 -2.20659e-17 -4.02145e-34 1.27673e-17 1
7.62 0 0.5 0 -2.83109e-17 -4.57153e-34 1.88735e-17 1
7.63 0 0.5 0 7.35499e-18 -1.59384e-34 -1.62373e-17 1
7.64 0 0.5 0 1.24876e-18 -2.10559e-34 -9.71477e-18 1
7.65 0 0.5 0 -4.99624e-18 -2.63256e-34 -3.33099e-18 1
7.66 0 0.5 0 -1.12412e-17 -3.15953e-34 3.0528e-18 1
7.67 0 0.5 0 -1.7625e-17 -3.66666e-34 9.29781e-18 1
7.68 0 0.5 0 -2.40088e-17 -4.17379e-34 1.55428e-17 1
7.69 0 0.5 0 -3.03926e-17 -4.68092e-34 2.17878e-17 1
7.7 0 0.5 0 -3.67764e-17 -5.23023e-34 2.81716e-17 1
7.71 0 0.5 0 -1.52678e-18 -2.3059e-34 -6.93921e-18 1
7.72 0 0.5 0 -7.91056e-18 -2.84847e-34 -4.1665e-19 1
7.73 0 0.5 0 -1.44331e-17 -3.38064e-34 5.96714e-18 1
7.74 0 0.5 0 -2.09557e-17 -3.91281e-34 1.23509e-17 1
7.75 0 0.5 0 -2.74782e-17 -4.44498e-34 1.87347e-17 1
7.76 0 0.5 0 -3.40008e-17 -4.97715e-34 2.51185e-17 1
7.77 0 0.5 0 1.38755e-18 -2.25368e-34 -9.71478e-18 1
7.78 0 0.5 0 -5.13501e-18 -2.7949e-34 -3.05344e-18 1
7.79 0 0.5 0 -1.17963e-17 -3.33324e-34 3.46912e-18 1
7.8 0 0.5 0 -1.84577e-17 -3.87157e-34 9.99168e-18 1
7.81 0 0.5 0 -2.5119e-17 -4.4099e-34 1.65142e-17 1
7.82 0 0.5 0 -3.17804e-17 -4.94824e-34 2.30368e-17 1
7.83 0 0.5 0 3.46922e-18 -2.27369e-34 -1.16577e-17 1
7.84 0 0.5 0 -3.19212e-18 -2.80952e-34 -4.71879e-18 1
7.85 0 0.5 0 -1.0131e-17 -3.34959e-34 1.94256e-18 1
7.86 0 0.5 0 -1.70699e-17 -3.88965e-34 8.6039e-18 1
7.87 0 0.5 0 -2.387e-17 -4.46535e-34 1.5404e-17 1
7.88 0 0.5 0 -3.06701e-17 -5.04105e-34 2.22041e-17 1
7.89 0 0.5 0 4.16312e-18 -2.1924e-34 -1.24904e-17 1
7.9 0 0.5 0 -2.637e-18 -2.74133e-34 -5.2739e-18 1
7.91 0 0.5 0 -9.71466e-18 -3.29758e-34 1.665e-18 1
7.92 0 0.5 0 -1.67923e-17 -3.85383e-34 8.60389e-18 1
7.93 0 0.5 0 -2.37312e-17 -4.44532e-34 1.56816e-17 1
7.94 0 0.5 0 -3.08089e-17 -4.98211e-34 2.26205e-17 1
7.95 0 0.5 0 3.74679e-18 -2.15253e-34 -1.19352e-17 1
7.96 0 0.5 0 -3.33088e-18 -2.72689e-34 -4.7188e-18 1
7.97 0 0.5 0 -1.04086e-17 -3.30124e-34 2.49765e-18 1
7.98 0 0.5 0 -1.74862e-17 -3.87559e-34 9.7141e-18 1
7.99 0 0.5 0 -2.47027e-17 -4.41219e-34 1.67918e-17 1
8 0 0.5 0 -3.19191e-17 -4.9488e-34 2.38695e-17 1
8.01 0 0.5 0 2.4978e-18 -2.17835e-34 -1.05475e-17 1
8.02 0 0.5 0 -4.71865e-18 -2.75578e-34 -3.19224e-18 1
8.03 0 0.5 0 -1.20739e-17 -3.3311e-34 4.02421e-18 1
8.04 0 0.5 0 -1.94291e-17 -3.90641e-34 1.12407e-17 1
8.05 0 0.5 0 -2.67843e-17 -4.48173e-34 1.84571e-17 1
8.06 0 0.5 0 -3.41396e-17 -5.05704e-34 2.56736e-17 1
8.07 0 0.5 0 4.16129e-19 -2.55217e-34 -8.32704e-18 1
8.08 0 0.5 0 -6.9391e-18 -3.13346e-34 -8.3303e-19 1
8.09 0 0.5 0 -1.44331e-17 -3.70627e-34 6.5222e-18 1
8.1 0 0.5 0 -2.19271e-17 -4.27908e-34 1.38774e-17 1
8.11 0 0.5 0 -2.94211e-17 -4.8519e-34 2.12327e-17 1
8.12 0 0.5 0 -3.69151e-17 -5.46554e-34 2.87267e-17 1
8.13 0 0.5 0 -2.77575e-18 -2.77906e-34 -5.27392e-18 1
8.14 0 0.5 0 -1.02698e-17 -3.38616e-34 2.35886e-18 1
8.15 0 0.5 0 -1.79025e-17 -3.97573e-34 9.85287e-18 1
8.16 0 0.5 0 -2.55353e-17 -4.56529e-34 1.73469e-17 1
8.17 0 0.5 0 8.46525e-18 -1.68796e-34 -1.67925e-17 1
8.18 0 0.5 0 8.32471e-19 -2.32356e-34 -9.1597e-18 1
8.19 0 0.5 0 -6.80031e-18 -2.95916e-34 -1.52691e-18 1
8.2 0 0.5 0 -1.44331e-17 -3.59476e-34 6.10587e-18 1
8.21 0 0.5 0 -2.20659e-17 -4.23036e-34 1.37387e-17 1
8.22 0 0.5 0 -2.96987e-17 -4.86596e-34 2.13714e-17 1
8.23 0 0.5 0 4.4407e-18 -2.32006e-34 -1.23516e-17 1
8.24 0 0.5 0 -3.19209e-18 -2.91156e-34 -4.44126e-18 1
8.25 0 0.5 0 -1.11024e-17 -3.50652e-34 3.19153e-18 1
8.26 0 0.5 0 -1.90128e-17 -4.10149e-34 1.08243e-17 1
8.27 0 0.5 0 -2.67843e-17 -4.73786e-34 1.85959e-17 1
8.28 0 0.5 0 -3.45559e-17 -5.37423e-34 2.63674e-17 1
8.29 0 0.5 0 -6.94078e-19 -2.7072e-34 -7.3556e-18 1
8.3 0 0.5 0 -8.46564e-18 -3.33375e-34 5.54738e-19 1
8.31 0 0.5 0 -1.6376e-17 -3.94778e-34 8.3263e-18 1
8.32 0 0.5 0 -2.42863e-17 -4.56181e-34 1.60979e-17 1
8.33 0 0.5 0 9.43671e-18 -1.70893e-34 -1.77639e-17 1
8.34 0 0.5 0 1.52637e-18 -2.36765e-34 -9.8536e-18 1
8.35 0 0.5 0 -6.38397e-18 -3.02636e-34 -1.94326e-18 1
8.36 0 0.5 0 -1.42943e-17 -3.68507e-34 5.96708e-18 1
8.37 0 0.5 0 -2.22046e-17 -4.34378e-34 1.38774e-17 1
8.38 0 0.5 0 -3.0115e-17 -5.00249e-34 2.17878e-17 1
8.39 0 0.5 0 3.74681e-18 -2.48145e-34 -1.16577e-17 1
8.4 0 0.5 0 -4.16353e-18 -3.09683e-34 -3.46983e-18 1
8.41 0 0.5 0 -1.23514e-17 -3.71028e-34 4.44052e-18 1
8.42 0 0.5 0 -2.05393e-17 -4.32374e-34 1.23509e-17 1
8.43 0 0.5 0 -2.85884e-17 -4.98283e-34 2.04e-17 1
8.44 0 0.5 0 -3.66375e-17 -5.68161e-34 2.85879e-17 1
8.45 0 0.5 0 -3.05329e-18 -3.08681e-34 -4.8576e-18 1
8.46 0 0.5 0 -1.11024e-17 -3.7278e-34 3.33029e-18 1
8.47 0 0.5 0 -1.92903e-17 -4.34877e-34 1.13794e-17 1
8.48 0 0.5 0 -2.74782e-17 -4.96973e-34 1.94285e-17 1
8.49 0 0.5 0 5.96727e-18 -2.18157e-34 -1.41557e-17 1
8.5 0 0.5 0 -2.22063e-18 -2.85203e-34 -5.96782e-18 1
8.51 0 0.5 0 -1.04085e-17 -3.52249e-34 2.22007e-18 1
8.52 0 0.5 0 -1.85964e-17 -4.19295e-34 1.0408e-17 1
8.53 0 0.5 0 -2.67843e-17 -4.86342e-34 1.85959e-17 1
8.54 0 0.5 0 -3.49722e-17 -5.53388e-34 2.67838e-17 1
8.55 0 0.5 0 -1.38796e-18 -3.10277e-34 -6.38417e-18 1
8.56 0 0.5 0 -9.57585e-18 -3.743e-34 2.08128e-18 1
8.57 0 0.5 0 -1.77637e-17 -4.38323e-34 1.05467e-17 1
8.58 0 0.5 0 -2.59516e-17 -5.02345e-34 1.90122e-17 1
8.59 0 0.5 0 7.35505e-18 -2.71215e-34 -1.42945e-17 1
8.6 0 0.5 0 -9.71625e-19 -3.27977e-34 -5.82905e-18 1
8.61 0 0.5 0 -9.43707e-18 -3.85413e-34 2.49763e-18 1
8.62 0 0.5 0 -1.79025e-17 -4.42849e-34 1.08243e-17 1
8.63 0 0.5 0 -2.6368e-17 -5.00285e-34 1.9151e-17 1
8.64 0 0.5 0 -3.48334e-17 -5.57721e-34 2.74776e-17 1
8.65 0 0.5 0 -1.38796e-18 -3.54149e-34 -5.41273e-18 1
8.66 0 0.5 0 -9.85341e-18 -4.11913e-34 3.1915e-18 1
8.67 0 0.5 0 -1.84576e-17 -4.67866e-34 1.1657e-17 1
8.68 0 0.5 0 -2.70619e-17 -5.23819e-34 2.01224e-17 1
8.69 0 0.5 0 5.96728e-18 -2.85081e-34 -1.30455e-17 1
8.7 0 0.5 0 -2.63695e-18 -3.45984e-34 -4.44128e-18 1
8.71 0 0.5 0 -1.12412e-17 -4.06887e-34 4.16294e-18 1
8.72 0 0.5 0 -1.98454e-17 -4.6779e-34 1.27672e-17 1
8.73 0 0.5 0 -2.84496e-17 -5.28692e-34 2.13714e-17 1
8.74 0 0.5 0 -3.70539e-17 -5.93543e-34 3.01144e-17 1
8.75 0 0.5 0 9.85306e-18 -2.80881e-34 -1.66537e-17 1
8.76 0 0.5 0 1.24883e-18 -3.38028e-34 -7.91073e-18 1
8.77 0 0.5 0 -7.49417e-18 -3.96446e-34 6.93502e-19 1
8.78 0 0.5 0 -1.62372e-17 -4.54865e-34 9.29773e-18 1
8.79 0 0.5 0 -2.49802e-17 -5.13283e-34 1.7902e-17 1
8.8 0 0.5 0 -3.37232e-17 -5.71701e-34 2.65062e-17 1
8.81 0 0.5 0 -5.55282e-19 -3.74158e-34 -6.10663e-18 1
8.82 0 0.5 0 -9.29829e-18 -4.3248e-34 2.77515e-18 1
8.83 0 0.5 0 -1.81801e-17 -4.89127e-34 1.15182e-17 1
8.84 0 0.5 0 -2.70619e-17 -5.45774e-34 2.02612e-17 1
8.85 0 0.5 0 5.68973e-18 -3.13507e-34 -1.26292e-17 1
8.86 0 0.5 0 -3.19205e-18 -3.75142e-34 -3.74741e-18 1
8.87 0 0.5 0 -1.20738e-17 -4.36777e-34 5.13438e-18 1
8.88 0 0.5 0 -2.09556e-17 -4.98411e-34 1.40162e-17 1
8.89 0 0.5 0 -2.98374e-17 -5.60046e-34 2.2898e-17 1
8.9 0 0.5 0 -3.87192e-17 -6.25822e-34 3.19185e-17 1
8.91 0 0.5 0 7.91018e-18 -3.21788e-34 -1.45721e-17 1
8.92 0 0.5 0 -9.71605e-19 -3.79859e-34 -5.55152e-18 1
8.93 0 0.5 0 -9.99216e-18 -4.38567e-34 3.33027e-18 1
8.94 0 0.5 0 -1.90127e-17 -4.97274e-34 1.22121e-17 1
8.95 0 0.5 0 -2.80333e-17 -5.55981e-34 2.10938e-17 1
8.96 0 0.5 0 -3.70538e-17 -6.18579e-34 3.01144e-17 1
8.97 0 0.5 0 9.43674e-18 -3.08806e-34 -1.62374e-17 1
8.98 0 0.5 0 4.16181e-19 -3.68842e-34 -7.07807e-18 1
8.99 0 0.5 0 -8.74315e-18 -4.29918e-34 1.94249e-18 1
9 0 0.5 0 -1.79025e-17 -4.90994e-34 1.09631e-17 1
9.01 0 0.5 0 -2.70618e-17 -5.52071e-34 1.99836e-17 1
9.02 0 0.5 0 -3.62212e-17 -6.13147e-34 2.90042e-17 1
9.03 0 0.5 0 1.02694e-17 -3.15814e-34 -1.70701e-17 1
9.04 0 0.5 0 1.11007e-18 -3.75254e-34 -7.6332e-18 1
9.05 0 0.5 0 -8.04927e-18 -4.34693e-34 1.8037e-18 1
9.06 0 0.5 0 -1.72086e-17 -4.94133e-34 1.12406e-17 1
9.07 0 0.5 0 -2.65067e-17 -5.49624e-34 2.05387e-17 1
9.08 0 0.5 0 -3.58048e-17 -6.05115e-34 2.98368e-17 1
9.09 0 0.5 0 1.04082e-17 -3.5466e-34 -1.60987e-17 1
9.1 0 0.5 0 9.71304e-19 -4.05472e-34 -6.3842e-18 1
9.11 0 0.5 0 -8.74314e-18 -4.58324e-34 3.0527e-18 1
9.12 0 0.5 0 -1.84576e-17 -5.11177e-34 1.24896e-17 1
9.13 0 0.5 0 -2.80333e-17 -5.68325e-34 2.20653e-17 1
9.14 0 0.5 0 -3.76089e-17 -6.29363e-34 3.17797e-17 1
9.15 0 0.5 0 8.32654e-18 -3.74518e-34 -1.4017e-17 1
9.16 0 0.5 0 -1.24913e-18 -4.27852e-34 -4.30253e-18 1
9.17 0 0.5 0 -1.09636e-17 -4.8161e-34 5.27315e-18 1
9.18 0 0.5 0 -2.0678e-17 -5.35368e-34 1.48488e-17 1
9.19 0 0.5 0 -3.03925e-17 -5.89126e-34 2.44245e-17 1
9.2 0 0.5 0 -4.01069e-17 -6.47102e-34 3.41389e-17 1
9.21 0 0.5 0 5.68977e-18 -3.87057e-34 -1.1519e-17 1
9.22 0 0.5 0 -4.02468e-18 -4.42895e-34 -1.66575e-18 1
9.23 0 0.5 0 -1.38779e-17 -4.98405e-34 8.0487e-18 1
9.24 0 0.5 0 -2.37311e-17 -5.53916e-34 1.77632e-17 1
9.25 0 0.5 0 8.04899e-18 -3.55181e-34 -1.41558e-17 1
9.26 0 0.5 0 -1.80424e-18 -4.15353e-34 -4.30253e-18 1
9.27 0 0.5 0 -1.16575e-17 -4.75524e-34 5.5507e-18 1
9.28 0 0.5 0 -2.15107e-17 -5.35695e-34 1.54039e-17 1
9.29 0 0.5 0 1.02694e-17 -3.41621e-34 -1.63762e-17 1
9.3 0 0.5 0 4.16205e-19 -4.00368e-34 -6.3842e-18 1
9.31 0 0.5 0 -9.5758e-18 -4.60057e-34 3.46904e-18 1
9.32 0 0.5 0 -1.95678e-17 -5.19747e-34 1.33223e-17 1
9.33 0 0.5 0 -2.95598e-17 -5.79437e-34 2.31755e-17 1
9.34 0 0.5 0 -3.95518e-17 -6.43229e-34 3.31675e-17 1
9.35 0 0.5 0 5.96733e-18 -3.65813e-34 -1.22129e-17 1
9.36 0 0.5 0 -4.02468e-18 -4.27391e-34 -2.08208e-18 1
9.37 0 0.5 0 -1.41555e-17 -4.88698e-34 7.90993e-18 1
9.38 0 0.5 0 -2.42862e-17 -5.50006e-34 1.79019e-17 1
9.39 0 0.5 0 7.21634e-18 -3.39736e-34 -1.37394e-17 1
9.4 0 0.5 0 -2.91445e-18 -4.0582e-34 -3.60864e-18 1
9.41 0 0.5 0 -1.30452e-17 -4.71904e-34 6.52215e-18 1
9.42 0 0.5 0 -2.3176e-17 -5.37988e-34 1.66529e-17 1
9.43 0 0.5 0 8.32656e-18 -3.32493e-34 -1.48496e-17 1
9.44 0 0.5 0 -1.80423e-18 -3.97422e-34 -4.58008e-18 1
9.45 0 0.5 0 -1.20738e-17 -4.62735e-34 5.55071e-18 1
9.46 0 0.5 0 -2.23434e-17 -5.28049e-34 1.56815e-17 1
9.47 0 0.5 0 9.02045e-18 -3.10229e-34 -1.58211e-17 1
9.48 0 0.5 0 -1.24912e-18 -3.80069e-34 -5.55152e-18 1
9.49 0 0.5 0 -1.15187e-17 -4.49908e-34 4.71804e-18 1
9.5 0 0.5 0 -2.17882e-17 -5.19748e-34 1.49876e-17 1
9.51 0 0.5 0 9.57556e-18 -3.06454e-34 -1.63762e-17 1
9.52 0 0.5 0 -6.94008e-19 -3.74965e-34 -5.96786e-18 1
9.53 0 0.5 0 -1.11023e-17 -4.44207e-34 4.30171e-18 1
9.54 0 0.5 0 -2.15107e-17 -5.1345e-34 1.45713e-17 1
9.55 0 0.5 0 9.71433e-18 -2.88003e-34 -1.67925e-17 1
9.56 0 0.5 0 -6.94007e-19 -3.61676e-34 -6.38419e-18 1
9.57 0 0.5 0 -1.11023e-17 -4.35348e-34 4.02415e-18 1
9.58 0 0.5 0 -2.15107e-17 -5.0902e-34 1.44325e-17 1
9.59 0 0.5 0 9.71433e-18 -2.88003e-34 -1.67925e-17 1
9.6 0 0.5 0 -6.9401e-19 -3.60328e-34 -6.24541e-18 1
9.61 0 0.5 0 -1.12411e-17 -4.33422e-34 4.16294e-18 1
9.62 0 0.5 0 -2.17882e-17 -5.06517e-34 1.45713e-17 1
9.63 0 0.5 0 9.298e-18 -2.73367e-34 -1.66537e-17 1
9.64 0 0.5 0 -1.24912e-18 -3.50948e-34 -6.10663e-18 1
9.65 0 0.5 0 -1.17962e-17 -4.2853e-34 4.44049e-18 1
9.66 0 0.5 0 -2.23434e-17 -5.06112e-34 1.49876e-17 1
9.67 0 0.5 0 8.74288e-18 -2.7745e-34 -1.60986e-17 1
9.68 0 0.5 0 -1.80424e-18 -3.53818e-34 -5.41274e-18 1
9.69 0 0.5 0 -1.24901e-17 -4.30688e-34 5.13438e-18 1
9.7 0 0.5 0 -2.3176e-17 -5.07557e-34 1.56815e-17 1
9.71 0 0.5 0 7.77144e-18 -2.66626e-34 -1.54047e-17 1
9.72 0 0.5 0 -2.91446e-18 -3.48195e-34 -4.71885e-18 1
9.73 0 0.5 0 -1.36004e-17 -4.29764e-34 5.96705e-18 1
9.74 0 0.5 0 -2.42863e-17 -5.11332e-34 1.66529e-17 1
9.75 0 0.5 0 6.66121e-18 -2.75101e-34 -1.42945e-17 1
9.76 0 0.5 0 -4.02468e-18 -3.55745e-34 -3.46984e-18 1
9.77 0 0.5 0 -1.48494e-17 -4.36312e-34 7.21606e-18 1
9.78 0 0.5 0 -2.5674e-17 -5.1688e-34 1.7902e-17 1
9.79 0 0.5 0 5.13466e-18 -2.68091e-34 -1.30455e-17 1
9.8 0 0.5 0 -5.69001e-18 -3.53724e-34 -2.22084e-18 1
9.81 0 0.5 0 -1.65147e-17 -4.39356e-34 8.60383e-18 1
9.82 0 0.5 0 -2.73394e-17 -5.24989e-34 1.94285e-17 1
9.83 0 0.5 0 3.46933e-18 -2.81266e-34 -1.13802e-17 1
9.84 0 0.5 0 -7.35534e-18 -3.66417e-34 -4.16734e-19 1
9.85 0 0.5 0 -1.83188e-17 -4.50605e-34 1.04079e-17 1
9.86 0 0.5 0 -2.92822e-17 -5.34792e-34 2.12326e-17 1
9.87 0 0.5 0 1.38767e-18 -2.87911e-34 -9.4373e-18 1
9.88 0 0.5 0 -9.57578e-18 -3.7597e-34 1.66493e-18 1
9.89 0 0.5 0 -2.05392e-17 -4.64029e-34 1.27672e-17 1
9.9 0 0.5 0 -3.15027e-17 -5.52088e-34 2.38694e-17 1
9.91 0 0.5 0 -8.3277e-19 -3.38275e-34 -6.52297e-18 1
9.92 0 0.5 0 -1.1935e-17 -4.20056e-34 4.71804e-18 1
9.93 0 0.5 0 -2.30372e-17 -5.01836e-34 1.5959e-17 1
9.94 0 0.5 0 -3.41395e-17 -5.83617e-34 2.72001e-17 1
9.95 0 0.5 0 1.02695e-17 -3.00328e-34 -1.69313e-17 1
9.96 0 0.5 0 -9.71544e-19 -3.72364e-34 -5.41276e-18 1
9.97 0 0.5 0 -1.24901e-17 -4.45632e-34 5.82826e-18 1
9.98 0 0.5 0 -2.40087e-17 -5.189e-34 1.70693e-17 1
9.99 0 0.5 0 6.24491e-18 -3.08958e-34 -1.31843e-17 1
10 0 0.5 0 -5.13487e-18 -3.8706e-34 -1.66575e-18 1
3.0251
